ID	WCFS1.glc.1	WCFS1.glc.2	WCFS1.rib.1	WCFS1.rib.2	NC8.glc.1	NC8.glc.2	NC8.rib.1	NC8.rib.2
lp_0001	8100	9599	8144	7000	7117	8278	7457	6980
lp_0002	12679	15856	11539	11049	10815	14348	10552	10735
lp_0004	1795	1946	1470	1607	1489	1407	1587	1699
lp_0005	8538	8740	5699	7402	6497	8565	6581	8342
lp_0009	56040	42130	31941	23500	61965	37353	20498	18188
lp_0010	105615	90094	60086	52584	103873	91726	45530	44802
lp_0011	68724	63725	37616	37478	63512	66621	31123	31592
lp_0012	6956	7088	6693	7813	5982	6857	7613	8339
lp_0013	3968	3834	3215	4480	3153	4021	3562	4994
lp_0014	5029	4999	3983	4605	4206	4573	4658	5528
lp_0015	341	246	277	306	446	314	341	415
lp_0016	883	737	604	856	799	1038	956	1264
lp_0017	1546	1598	1217	1621	1621	1671	1961	2353
lp_0018	186	171	305	386	207	247	484	514
lp_0022	45	51	71	89	53	65	79	102
lp_0026	1248	1592	1549	1727	709	746	885	983
lp_0027	226	428	391	460	172	235	358	466
lp_0036	3684	4344	3041	3724	2991	4117	3802	4422
lp_0037	6402	6833	5198	5631	5289	5755	5452	5904
lp_0038	4327	4358	2923	3216	3456	3746	2752	3078
lp_0039	3073	3098	1788	2096	2120	2465	1463	1871
lp_0041	2912	2329	2743	3263	3053	2486	2803	3203
lp_0043	4982	4921	4781	4939	4874	5359	5809	6481
lp_0046	248	257	294	232	240	162	224	169
lp_0047	144	97	87	81	64	75	64	74
lp_0048	284	230	259	308	223	167	188	264
lp_0050	276	260	273	235	166	253	86	116
lp_0052	444	410	410	452	348	354	299	344
lp_0053	3998	4447	1734	1730	3633	3805	1784	1465
lp_0057	478	526	606	719	308	363	475	505
lp_0058	114	158	993	1219	120	198	1129	1274
lp_0059	84	73	191	122	62	36	97	108
lp_0060	15	26	26	48	17	24	23	27
lp_0061	75	63	64	110	49	57	55	71
lp_0062	49	52	65	89	49	50	42	62
lp_0063	27	23	581	612	34	43	632	699
lp_0066	277	334	330	292	329	322	243	263
lp_0068	488	611	482	511	531	509	569	577
lp_0070	441	487	940	970	761	1249	4289	4253
lp_0073	653	762	473	557	658	828	656	719
lp_0075	59	74	48	78	22	23	18	14
lp_0076	1058	964	908	1086	1126	1281	1359	1533
lp_0077	651	679	512	592	527	698	638	721
lp_0078	378	451	376	400	465	477	500	491
lp_0080	345	358	259	267	389	387	351	361
lp_0081	418	502	510	644	188	347	298	311
lp_0082	95	74	161	88	69	104	58	61
lp_0083	223	298	285	313	197	225	492	346
lp_0085	414	481	651	609	1922	2142	2400	1921
lp_0088	220	247	226	242	190	259	298	422
lp_0089	759	1018	761	903	504	825	664	694
lp_0091	1233	1530	993	1478	1084	1367	1510	1545
lp_0092	463	533	612	617	646	739	814	904
lp_0096	65	50	339	462	31	29	340	385
lp_0098	105	165	497	497	38	41	397	335
lp_0099	1590	1752	1630	815	1328	922	909	589
lp_0100	2886	3339	2678	2293	2685	2992	2372	2353
lp_0101	621	510	244	189	493	523	170	219
lp_0102	859	894	352	296	667	874	330	396
lp_0103	712	612	362	233	752	401	271	209
lp_0104	293	320	60	58	132	162	99	104
lp_0105	107	123	25	30	71	86	45	37
lp_0106	112	134	19	20	62	87	68	46
lp_0107	129	156	25	27	79	94	37	52
lp_0108	45	50	18	8	51	32	4	22
lp_0109	128	222	56	56	82	153	87	95
lp_0111	1750	2269	2263	3019	1020	1678	1576	1460
lp_0113	128	117	629	866	165	172	503	635
lp_0114	275	263	1145	1598	263	326	986	1318
lp_0115	212	237	977	1229	238	287	1006	1140
lp_0116	436	411	1778	2383	408	685	1777	2135
lp_0117	670	683	691	969	406	531	657	1064
lp_0118	1157	1436	2733	2871	1456	1919	4427	4100
lp_0119	821	1148	1110	1327	438	844	899	996
lp_0120	5180	5720	4919	5355	5658	5886	6690	6398
lp_0121	753	830	696	921	1247	1831	1767	2185
lp_0122	838	868	856	1100	1175	1523	1860	2037
lp_0124	8454	8457	6763	6536	7109	7996	6933	5498
lp_0126	5799	6247	7738	4880	4078	3341	3510	2664
lp_0127	193	200	200	171	31	38	26	24
lp_0128	269	304	284	251	253	330	281	293
lp_0129	411	485	440	438	439	417	499	430
lp_0130	13	10	14	11	25	19	32	18
lp_0132	791	782	563	707	638	845	796	792
lp_0133	366	322	231	408	170	226	207	311
lp_0134	481	377	319	425	148	246	159	274
lp_0136	60	57	49	99	47	63	57	70
lp_0137	819	821	1300	1453	714	768	1590	1452
lp_0138	2478	2602	1206	1277	3497	3884	1761	1745
lp_0139	8024	9214	25338	24536	9809	10622	23891	21513
lp_0141	20	28	14	22	18	22	24	23
lp_0145	1579	1954	897	794	1456	1939	758	943
lp_0146	358	497	279	253	261	349	210	203
lp_0148	1233	1410	1103	929	1551	1544	1142	1053
lp_0149	3060	3662	2677	2721	3348	4305	2959	3187
lp_0150	507	580	450	372	708	579	390	424
lp_0152	1165	1209	955	1184	947	1014	1032	1020
lp_0154	35	24	56	131	13	12	40	105
lp_0155	24	14	88	218	1	4	32	146
lp_0156	26	29	261	354	2	12	149	224
lp_0158	650	611	610	909	382	369	339	623
lp_0159	336	257	243	320	143	122	196	195
lp_0160	147	132	126	186	144	200	170	281
lp_0161	184	176	161	179	180	202	241	335
lp_0162	399	354	257	419	271	324	291	405
lp_0163	1104	963	883	1225	1096	1178	998	1353
lp_0164	2222	2954	1628	1632	2029	2685	2048	1786
lp_0165	97	115	117	115	104	94	89	88
lp_0166	502	644	564	583	428	479	449	469
lp_0168	1648	1764	1932	2355	64	70	759	746
lp_0169	1346	1351	1481	2161	49	53	534	711
lp_0170	602	616	735	800	12	18	305	351
lp_0171	1298	1286	1583	2012	52	60	675	723
lp_0172	302	272	602	740	270	251	550	561
lp_0173	213	289	617	731	179	280	585	669
lp_0174	493	649	1286	1406	505	586	1154	1339
lp_0175	412	520	1387	1518	585	667	1604	1653
lp_0176	30	38	157	191	74	53	174	188
lp_0177	23	32	70	73	29	23	80	104
lp_0178	58	68	177	201	46	56	174	164
lp_0179	87	103	241	250	94	105	249	311
lp_0183	3586	4056	3186	2708	2336	1810	1876	1627
lp_0184	186	292	710	699	247	286	803	702
lp_0185	216	248	300	307	206	231	297	277
lp_0187	226	268	197	168	229	271	246	221
lp_0188	468	482	498	495	474	472	575	561
lp_0190	1232	1380	793	744	1442	1653	556	615
lp_0192	1055	1034	591	555	1167	1513	333	389
lp_0194	693	707	571	540	523	714	512	596
lp_0197	1841	1649	1789	2713	2098	2755	2843	3967
lp_0199	1511	1622	1564	1567	1434	1410	1774	1541
lp_0202	127	190	94	125	147	200	108	104
lp_0203	355	433	217	295	302	522	245	287
lp_0204	229	215	161	133	168	216	117	113
lp_0205	294	344	345	450	250	354	382	416
lp_0206	2409	2960	4620	4776	2405	2701	4655	4600
lp_0207	601	631	619	616	541	564	693	665
lp_0208	620	816	406	491	394	684	319	395
lp_0209	1760	2219	1116	1240	997	1996	1045	1226
lp_0210	4161	4095	344	382	4241	4384	601	596
lp_0213	367	415	78	83	339	413	150	126
lp_0214	428	497	112	114	380	329	144	113
lp_0215	1124	1141	496	550	366	411	283	279
lp_0217	404	471	1132	940	563	571	1164	896
lp_0218	1472	1639	3663	3642	1684	1973	3674	3274
lp_0219	522	511	1442	1507	552	557	1142	923
lp_0220	891	989	1085	1294	982	1025	1234	1250
lp_0221	1025	1197	1382	1524	1352	1465	1804	1725
lp_0223	478	514	580	666	430	460	657	590
lp_0224	158	168	229	302	181	228	323	294
lp_0225	175	149	158	233	118	210	252	278
lp_0226	1411	1526	2625	4058	981	1013	3724	2962
lp_0228	1630	2363	2886	3818	1389	2290	3384	3299
lp_0230	151	178	179	145	333	386	257	259
lp_0231	564	667	1393	1507	826	975	1966	1851
lp_0232	212	188	626	594	282	246	599	618
lp_0233	648	703	1937	2068	853	837	2399	2374
lp_0235	2187	2960	2683	2947	2246	3420	3258	2654
lp_0236	754	725	530	561	436	485	615	608
lp_0239	1890	2329	500	493	1319	1805	578	611
lp_0240	33	41	718	765	31	43	978	832
lp_0242	87	125	1670	1954	83	123	2042	1833
lp_0243	1148	1328	1156	1176	1180	1111	1385	1322
lp_0244	493	534	389	353	435	449	440	409
lp_0254	97	131	74	67	129	181	81	65
lp_0255	286	376	158	195	262	322	150	138
lp_0256	127	155	67	107	110	202	90	96
lp_0257	4178	4471	3313	3397	3762	3760	3748	3436
lp_0259	1365	1316	394	411	1058	888	562	437
lp_0260	38	36	34	79	115	70	47	76
lp_0261	17	12	27	33	31	24	6	36
lp_0262	2289	1827	18	26	2260	2311	25	39
lp_0263	1442	1370	25	59	2180	2279	74	101
lp_0266	281	314	302	385	189	408	321	295
lp_0271	670	640	342	316	95	89	101	108
lp_0272	774	839	403	438	112	127	130	152
lp_0273	195	239	251	240	200	309	252	210
lp_0274	511	398	261	266	511	394	413	325
lp_0275	4244	3832	1882	2247	4062	3902	3167	2867
lp_0276	37	45	36	26	11	52	35	46
lp_0277	18	24	17	19	11	27	14	15
lp_0279	8	6	12	4	6	4	4	3
lp_0280	30	44	40	24	32	38	20	22
lp_0281	184	178	150	158	175	171	278	241
lp_0282	876	1256	1293	1750	761	1369	1776	2156
lp_0283	211	293	361	409	201	315	470	454
lp_0284	310	357	469	520	311	250	529	584
lp_0285	422	378	812	847	481	447	874	830
lp_0286	774	997	10097	10852	1096	1204	19232	17288
lp_0287	1523	2093	1320	1878	1021	2056	1574	1723
lp_0289	6	11	57	62	14	19	91	168
lp_0290	102	104	84	99	90	144	120	118
lp_0291	404	413	588	740	314	415	848	894
lp_0292	1558	1704	1015	1121	1818	2138	1251	1604
lp_0293	1927	1836	1332	1281	2286	2045	1338	1552
lp_0294	278	333	319	319	300	342	319	315
lp_0295	4125	4086	2832	2696	4579	5160	4098	4051
lp_0296	879	1065	738	1082	667	751	899	921
lp_0298	39	43	16	12	27	22	18	27
lp_0299	39	48	30	25	20	26	12	32
lp_0300	186	212	252	300	185	213	291	291
lp_0301	350	376	259	441	283	341	449	482
lp_0302	5627	5722	2960	2627	13698	13154	9921	9190
lp_0304	5870	5833	6593	6359	7389	8470	12224	11774
lp_0305	557	637	422	582	500	917	746	815
lp_0306	1060	1146	935	1092	874	1501	1125	1435
lp_0307	869	932	775	984	769	1201	1088	1235
lp_0308	1447	1581	1409	1655	1417	2168	1977	2219
lp_0310	960	927	18108	18980	1012	852	20483	20942
lp_0311	228	230	72	66	116	146	66	80
lp_0312	418	227	220	157	446	261	256	246
lp_0313	6661	6373	5410	8322	3010	3614	3509	4314
lp_0314	47	85	57	52	30	32	16	20
lp_0315	2318	2625	2175	2059	1861	2737	1748	1825
lp_0316	1311	1462	1201	1162	1070	1458	1020	1237
lp_0317	2048	2231	2057	2138	1596	2082	1589	1773
lp_0318	1842	2064	1780	2095	1369	1864	1519	1573
lp_0319	670	681	704	743	449	661	636	685
lp_0320	2270	3087	7000	8036	1959	2625	6322	5935
lp_0321	1004	1062	740	842	843	859	945	817
lp_0322	2003	2270	1409	1811	1517	1823	1617	1700
lp_0324	1495	989	1283	621	1509	817	706	629
lp_0325	2234	2063	594	680	981	1506	376	563
lp_0326	3973	3593	1426	1410	1999	2339	898	1130
lp_0327	1855	1509	717	639	1131	970	411	523
lp_0329	2062	2369	153	208	1789	2001	235	251
lp_0330	113192	135182	104334	104613	108737	108341	137364	117994
lp_0331	2485	3049	3661	3367	3052	3648	4061	3569
lp_0332	2887	3624	3190	3568	2257	3070	3543	3387
lp_0333	2333	3059	1969	3208	1485	3403	2633	3231
lp_0334	5523	6406	12983	12694	5444	5914	14748	13084
lp_0335	2744	3212	4064	4114	2411	2557	4334	3771
lp_0336	87	45	70	98	160	152	141	166
lp_0337	204	190	182	276	358	438	342	463
lp_0339	535	581	508	659	248	293	323	326
lp_0340	1830	1878	1534	1513	1810	1947	1776	1600
lp_0343	4786	4939	2765	2234	4871	4910	2506	2650
lp_0344	8025	8554	5075	4405	7640	7236	3699	4060
lp_0346	1	4	10	2	4	0	2	0
lp_0347	300	271	175	278	127	127	77	120
lp_0348	722	720	543	607	260	292	259	300
lp_0349	4141	4366	229	164	10099	11578	322	639
lp_0350	37	28	28	32	46	45	30	23
lp_0351	1505	1813	1334	1059	1579	1528	1153	988
lp_0353	30	34	21	21	13	10	10	18
lp_0354	537	658	576	684	772	863	861	1039
lp_0357	593	586	480	432	703	598	436	419
lp_0358	1116	1382	1334	1403	1025	1256	1915	1577
lp_0359	776	1001	755	792	850	1180	858	790
lp_0360	655	729	551	754	522	817	626	780
lp_0361	569	668	497	452	792	823	490	464
lp_0362	5754	6718	3447	3824	6185	7808	3480	3482
lp_0363	3719	5139	6767	8353	3227	4530	9777	9022
lp_0364	796	832	1159	1637	557	623	1331	1765
lp_0367	1698	1869	2875	3970	1180	1295	2907	3536
lp_0368	1651	1726	2500	3326	1327	1469	3203	4039
lp_0369	3876	4646	6472	7765	2745	3389	6743	8559
lp_0371	134	162	6893	6796	183	262	12115	13056
lp_0372	13	27	966	1002	58	36	2400	2449
lp_0373	70	38	59	73	56	97	80	99
lp_0423	1487	744	26	50	6634	5562	3224	5322
lp_0432	4378	5221	5241	5789	3335	4429	6180	5496
lp_0433	77	128	135	137	75	86	100	107
lp_0434	3200	3744	3028	2825	3041	2803	2808	2334
lp_0435	260	212	324	475	216	234	423	513
lp_0436	117	146	521	565	192	159	700	665
lp_0438	37	50	188	196	44	46	246	258
lp_0439	24	31	80	77	41	49	75	99
lp_0441	154	109	138	174	88	96	75	86
lp_0442	627	553	704	698	582	355	418	430
lp_0443	2134	2539	2303	2411	2250	2562	2406	2449
lp_0446	926	972	877	1089	770	962	1147	1282
lp_0447	1710	1611	1624	1802	1392	1430	1640	1765
lp_0448	2241	2035	2102	2488	2122	2001	2031	2404
lp_0449	1338	1306	1242	1458	1304	1327	1270	1526
lp_0450	1238	1305	984	1240	1048	1212	1187	1297
lp_0452	281	263	153	191	188	186	165	189
lp_0454	16592	17402	14287	16453	12931	13813	13895	14382
lp_0455	680	607	471	434	1036	830	905	696
lp_0456	2107	2646	1904	2443	5030	6582	6262	6434
lp_0457	1989	2372	1857	2002	5100	6401	6328	6337
lp_0458	2940	3225	2387	2518	6232	7078	7485	7110
lp_0459	6949	8489	7035	4860	8865	8451	7605	6948
lp_0460	1749	1745	1335	1557	1641	1937	1755	1832
lp_0461	990	1070	944	1197	758	926	1366	1307
lp_0463	998	1046	873	812	1035	1068	1031	946
lp_0464	773	823	600	661	852	1007	933	904
lp_0466	925	668	442	507	727	614	287	454
lp_0467	8252	8287	6289	6342	8394	9601	8126	8012
lp_0469	271	200	167	232	235	203	194	222
lp_0471	21429	21852	15914	15894	19286	18193	20725	18713
lp_0472	966	1147	3122	3114	546	551	1329	1313
lp_0473	3471	4176	4845	4601	3047	3240	3655	3220
lp_0475	2513	3259	2688	2970	2116	3200	2869	2860
lp_0476	3348	4299	3810	4164	2910	4134	4076	3915
lp_0477	1390	1720	1679	1749	1265	1782	1787	1667
lp_0479	1480	1705	1195	1527	1105	1487	1170	1332
lp_0480	14049	15487	11205	11430	12037	13110	14743	13398
lp_0481	14835	17036	11676	13789	21841	23198	36754	36839
lp_0502	357	259	1152	1299	617	372	1715	1702
lp_0505	534	455	1003	1408	693	800	1974	2656
lp_0506	383	256	675	944	441	427	1419	1661
lp_0507	423	377	868	950	420	389	1009	1200
lp_0509	155	153	311	306	209	155	418	342
lp_0510	9408	9604	7132	7210	9206	9068	7595	7464
lp_0511	11314	11533	7232	7018	13077	13949	8737	9307
lp_0512	18322	21190	9955	5646	16181	16075	5484	5209
lp_0513	339	511	617	870	306	584	599	683
lp_0514	768	687	467	626	605	598	487	585
lp_0515	4229	4585	3733	3826	3092	3294	3267	3295
lp_0516	3224	3173	2857	3338	2723	2940	3212	3521
lp_0517	3927	3911	3555	3829	3297	3591	3880	3753
lp_0518	8101	8563	6823	6850	6994	8611	7670	7887
lp_0520	52889	58849	17170	14026	46745	50886	16022	17233
lp_0522	1922	1702	1103	1685	1445	1908	935	1497
lp_0523	3541	3308	2300	2752	2865	3049	1970	2686
lp_0524	3640	3637	3679	2987	3359	2993	3491	3178
lp_0527	14	24	13	23	18	36	24	26
lp_0528	89	63	35	25	39	31	4	18
lp_0529	86	105	45	52	44	64	32	23
lp_0530	114	106	50	48	90	89	28	45
lp_0531	179	132	61	82	112	115	49	65
lp_0532	155	160	68	90	84	101	41	59
lp_0533	2133	2318	1005	691	1413	1345	587	428
lp_0535	806	1073	1256	1425	519	727	1070	1047
lp_0536	1520	1853	1480	1618	2038	2807	1953	2054
lp_0537	10239	11152	8817	8474	9578	9854	10562	8227
lp_0538	1271	1459	984	1003	774	1092	660	795
lp_0539	7398	7526	5493	5851	5972	7451	4156	5096
lp_0540	3201	2930	2441	2180	2821	2759	1731	1894
lp_0541	1427	1239	897	829	1202	1194	636	698
lp_0542	4351	3219	3949	3057	4314	2338	2609	2331
lp_0543	11099	10045	8215	8517	9798	9248	8514	9527
lp_0545	3450	3772	2624	3099	2614	3087	2560	3140
lp_0546	5747	5099	4316	4986	4345	3889	3995	4438
lp_0547	49824	53241	48988	50567	48089	49353	59514	57100
lp_0548	941	718	557	731	727	929	714	1106
lp_0549	1237	881	540	994	913	1055	683	1128
lp_0550	11593	8946	5277	7897	8973	8353	6512	9024
lp_0551	5783	6447	6291	5034	5713	5653	5687	4781
lp_0552	1218	1483	1164	1203	1138	1125	1333	1055
lp_0555	445	398	345	424	279	261	280	319
lp_0556	662	644	580	690	365	444	423	501
lp_0557	1066	1273	952	1205	602	785	770	926
lp_0558	212	263	129	125	136	140	85	89
lp_0559	5853	7000	5284	6834	4757	6183	8007	6264
lp_0561	1045	976	915	1102	1678	1535	1717	1837
lp_0562	4748	4901	5860	7456	4794	5159	8214	8214
lp_0563	3384	3537	3930	4669	3404	3577	5267	5432
lp_0564	3278	3996	3043	3372	2625	3621	3080	3149
lp_0565	3312	2603	2323	2996	2727	2472	2211	2669
lp_0566	4656	4535	4001	4654	3780	4007	4024	5022
lp_0568	4182	4437	2914	2313	3891	3475	2266	2221
lp_0569	2453	2407	1818	1938	1949	2497	1808	2290
lp_0570	747	783	616	694	556	748	560	663
lp_0571	8043	9412	6665	7253	4498	4793	7165	7381
lp_0572	5615	6214	4477	5053	3157	3636	5194	5253
lp_0574	82	129	142	160	56	54	222	207
lp_0575	15341	17022	540	604	21664	21034	642	680
lp_0576	11132	11935	372	377	13702	12237	425	411
lp_0583	3171	3209	2455	2120	886	641	701	545
lp_0585	5546	5832	8753	9235	4347	4933	7114	7474
lp_0586	1192	1287	1364	1325	1004	1002	1223	1253
lp_0587	2254	2450	2328	2795	1750	2421	2053	2358
lp_0588	3067	3288	2192	2572	2497	2967	1777	2030
lp_0589	1440	1474	1150	1244	1265	1322	898	919
lp_0590	6013	6943	4685	5272	4638	6545	3683	4335
lp_0591	4155	4818	3251	3430	3404	4528	2666	2951
lp_0592	4246	4888	3179	3554	3657	4702	2696	2892
lp_0593	10161	11000	7074	6833	9947	13944	5686	7692
lp_0594	858	1030	637	546	814	1071	637	745
lp_0595	2267	2543	1617	1472	2256	2290	2214	2076
lp_0597	370	342	216	245	1075	1108	1030	1127
lp_0600	1204	1062	297	276	1368	884	282	266
lp_0601	11067	13709	15917	18057	9317	11636	18947	18195
lp_0602	2816	3091	4210	4340	2450	2805	4681	4218
lp_0603	1609	1902	2250	2930	1330	2028	2807	3075
lp_0604	587	570	588	560	574	490	657	698
lp_0606	4512	3922	3077	3425	4026	4319	2699	3494
lp_0607	4264	3744	2471	2768	3867	3405	1681	2219
lp_0609	27738	33314	25341	27366	27519	31966	34898	32658
lp_0610	5690	5605	4299	5299	4078	5546	4203	5116
lp_0611	2373	2319	1700	2212	1885	2682	2150	2445
lp_0612	3469	3070	2499	3367	2706	3536	2602	3644
lp_0613	2993	2755	1986	2679	2455	2962	2015	2886
lp_0614	4288	4076	2494	3237	3238	4301	2355	3265
lp_0616	1334	751	1063	403	1931	489	531	320
lp_0617	2930	3091	2180	1842	2609	2392	1305	1448
lp_0618	7381	7521	5365	4475	6536	6921	3412	3871
lp_0619	111596	130596	70739	73719	100656	138852	63379	65988
lp_0620	87035	90462	62469	53287	87682	87916	51257	45334
lp_0621	56765	58306	40956	32518	70107	45341	28612	20367
lp_0622	14271	14594	10697	8033	19286	11715	8297	5528
lp_0688	1239	1652	869	935	1639	2211	1690	1578
lp_0689	499	702	352	409	767	1059	742	789
lp_0690	7221	6542	3556	4362	5062	4850	3452	4179
lp_0691	3306	3853	2710	2895	2168	2628	2537	2681
lp_0692	23053	24639	17587	15555	15739	15524	13668	13495
lp_0693	22751	25870	17687	15499	16685	19898	16148	18804
lp_0694	2400	2713	2607	2206	2080	2006	3203	2809
lp_0695	1781	2012	1647	1741	1879	2121	1913	2165
lp_0696	1858	2237	1642	1812	2022	2396	2258	2333
lp_0698	7710	7570	5174	6160	4964	6272	4025	5103
lp_0699	2605	2734	1615	1950	1721	2154	1123	1654
lp_0700	4222	4391	2718	3014	2885	3270	2392	2820
lp_0701	1218	1126	791	770	956	767	627	590
lp_0703	2560	2644	2064	2378	2587	3014	3361	3658
lp_0704	1041	1078	1010	971	1213	1013	1378	1290
lp_0705	4015	4266	3193	3806	4285	4767	4960	5458
lp_0706	1279	1438	973	1189	1370	1728	1540	1786
lp_0707	2007	1852	1320	1580	2092	2288	1795	2232
lp_0708	2469	2617	1725	2166	2494	3240	2526	3161
lp_0710	47	61	27	43	60	65	30	47
lp_0711	38	48	49	25	34	33	35	31
lp_0712	19	17	7	23	23	16	15	15
lp_0713	17	24	10	15	27	30	24	17
lp_0714	14	18	20	20	26	19	13	27
lp_0715	24	22	21	26	20	26	28	27
lp_0717	2005	2122	1857	1994	2205	2448	2633	2447
lp_0718	1886	2098	1722	1758	1647	1867	2028	2024
lp_0720	1583	1695	1216	1518	1352	1869	1632	1708
lp_0721	4302	4625	3409	3581	4076	4488	3771	4031
lp_0723	7326	8662	6138	6144	5795	7873	5122	5223
lp_0725	5122	5242	5333	5330	4899	3945	6446	5107
lp_0726	888	957	1106	1012	1338	952	1271	1086
lp_0727	4761	4688	4928	5131	5561	5325	7232	7864
lp_0728	29627	31062	29893	32394	32849	33047	43294	47542
lp_0729	6679	5280	3504	3765	7650	8335	4513	5663
lp_0730	2085	2269	1490	1267	2289	2352	1304	1518
lp_0733	69	57	15	26	52	46	6	23
lp_0734	495	628	612	681	445	525	531	587
lp_0735	24	29	20	23	14	32	33	31
lp_0737	38622	51226	104036	118360	40382	44633	144591	137565
lp_0739	22675	20974	13216	14167	20439	21988	15303	17079
lp_0742	4372	4676	3483	4176	3373	4026	3539	3869
lp_0743	4158	4612	3335	3884	3063	3198	2612	3022
lp_0744	7561	8592	5634	6098	6102	7337	6664	6931
lp_0746	66	64	29	41	55	60	52	60
lp_0747	280	187	93	97	126	202	157	220
lp_0748	340	318	145	148	238	311	254	275
lp_0749	470	396	177	209	348	369	330	331
lp_0750	1061	1099	571	672	879	870	724	924
lp_0751	2227	2526	1533	1643	2000	2172	1935	2085
lp_0752	1510	1698	1415	1400	1897	1622	1397	1462
lp_0753	1985	2043	2189	1708	2448	2030	2003	1896
lp_0754	2772	2973	5076	5389	3126	3385	5293	5438
lp_0755	6324	6705	9021	10281	6496	7503	10129	10374
lp_0756	9041	9137	13047	12893	11109	10807	14961	14963
lp_0757	12989	13704	16890	16465	14410	12760	21354	18690
lp_0758	1636	1801	1470	1527	2054	2353	2166	2219
lp_0761	4101	3953	4200	5549	5187	6737	8127	9919
lp_0762	335	404	468	487	401	498	636	559
lp_0763	311	255	373	368	424	278	443	370
lp_0764	20519	21948	36053	38198	13218	12479	25705	25767
lp_0765	364	369	630	608	460	470	738	709
lp_0766	954	849	1110	1365	773	802	901	1176
lp_0769	231	330	335	422	150	309	436	398
lp_0770	822	759	482	418	610	594	465	385
lp_0771	586	536	374	426	377	369	301	371
lp_0772	3818	3695	2669	2862	2370	3013	2054	2516
lp_0773	6646	6725	4487	4835	5255	5830	4084	5015
lp_0774	2162	2212	2071	2289	2037	1803	2290	2452
lp_0775	467	446	431	483	404	412	422	383
lp_0776	645	716	524	583	544	631	599	559
lp_0778	1050	1182	2208	2096	1456	1371	2923	2747
lp_0779	2327	2211	2493	3495	2382	2616	3554	4149
lp_0780	3975	3835	5129	6108	4736	4910	6866	7465
lp_0781	3053	3025	4121	3947	3714	3444	5278	4981
lp_0783	1238	1140	447	457	1217	988	759	717
lp_0785	1336	1652	1209	1576	791	1207	1087	1221
lp_0786	8227	10330	11360	11196	10096	10795	15540	13073
lp_0787	1433	1349	1195	1280	576	627	706	645
lp_0788	41785	45313	26495	21397	35776	33169	25105	21220
lp_0789	304949	348490	249034	244029	306306	302566	299871	263591
lp_0790	67821	66177	49372	47299	65260	57881	56282	53590
lp_0791	50466	48444	35005	34777	53891	41002	37036	35541
lp_0792	121495	124998	84736	84304	112802	104656	96665	92109
lp_0793	1995	2064	1132	1343	1983	2697	1206	1675
lp_0794	2296	2104	1331	1346	2116	1873	1239	1337
lp_0795	2209	2428	2562	2296	2489	2041	2589	2034
lp_0796	4119	4190	4073	4485	3516	3739	4918	4104
lp_0797	21540	23501	20601	20692	22394	21920	25934	24343
lp_0799	5646	6559	4498	4938	5348	5786	5614	5670
lp_0802	5868	5823	985	808	12770	12784	1024	1526
lp_0803	5987	6099	1003	877	10550	13016	994	1423
lp_0804	2386	2975	2895	3048	1423	1595	3073	2593
lp_0805	2781	3329	3376	3845	2045	2442	3983	3669
lp_0806	2451	2194	6402	5978	2063	1748	4767	4675
lp_0807	4136	4393	10424	11510	3009	3642	9714	9818
lp_0809	241	261	344	350	216	246	296	419
lp_0810	479	499	582	676	431	533	641	843
lp_0811	857	1038	840	964	842	1006	1349	1246
lp_0812	1097	1130	1078	1233	805	1134	1521	1355
lp_0813	1291	1260	1315	1527	1086	1233	1446	1639
lp_0814	3469	3745	3523	3877	3396	3437	4303	4218
lp_0815	3744	3610	2723	3153	3778	4402	3119	3566
lp_0816	1801	1654	1122	1193	1501	1602	1083	1158
lp_0817	2273	2330	2166	2011	2647	3013	2018	1721
lp_0818	2950	2846	2186	2452	2569	2581	2230	2498
lp_0819	4063	3657	3151	3177	4068	3583	3172	3184
lp_0820	8759	9185	6964	6449	8346	8103	7402	7251
lp_0822	21432	19131	7309	6761	24805	27663	5256	11745
lp_0823	718	803	1983	1956	989	962	2742	2942
lp_0824	2955	3210	3468	3682	2408	2411	4234	4110
lp_0825	151	196	209	189	131	144	256	202
lp_0826	452	394	482	615	428	443	571	594
lp_0827	636	545	593	531	606	522	466	481
lp_0828	464	316	206	266	226	267	122	268
lp_0829	510	479	206	315	346	406	231	363
lp_0830	47	88	63	67	53	53	89	80
lp_0835	86	92	26	25	32	42	15	38
lp_0836	3333	3311	2046	1089	4746	3857	2048	2074
lp_0837	4383	5221	4047	3880	4861	5417	4655	4090
lp_0838	2849	3072	929	566	3330	3340	409	395
lp_0840	133	130	116	161	101	165	169	159
lp_0841	2423	3208	2279	2341	2005	2856	2688	2697
lp_0842	4665	5472	4201	4709	3632	5033	5170	5497
lp_0843	2483	2502	2206	2735	1974	2531	2399	2818
lp_0844	609	790	987	1076	549	1069	1475	1500
lp_0845	48	36	32	33	38	45	28	32
lp_0846	303	372	452	459	230	312	527	377
lp_0848	1345	1074	576	400	1068	724	423	439
lp_0849	109	123	2026	2126	85	114	2032	1804
lp_0850	58	57	199	195	43	48	186	227
lp_0853	4224	5296	5807	7126	4240	5566	8806	8497
lp_0854	1920	1945	1659	1901	1069	1169	1381	1464
lp_0856	6547	6249	4890	5004	4339	3673	4495	4793
lp_0857	4725	5625	8714	9397	4064	5947	9030	9353
lp_0858	431	489	701	885	253	267	625	573
lp_0861	1103	1310	2125	2236	1126	1456	2322	2076
lp_0862	81	72	57	93	66	72	41	70
lp_0863	745	743	485	631	546	664	536	643
lp_0864	1093	1144	813	932	1119	957	853	919
lp_0865	513	497	960	487	551	321	507	375
lp_0866	929	940	618	696	867	977	579	824
lp_0868	1768	1828	1288	1756	1392	1431	1478	1553
lp_0871	8183	8035	4472	4280	6616	6852	2986	4182
lp_0872	775	1053	893	977	849	1379	1259	1277
lp_0874	433	434	413	446	125	157	117	119
lp_0875	186	206	272	151	333	283	88	164
lp_0878	1793	1440	2712	2779	1887	1434	2171	2364
lp_0881	2236	2258	3107	4209	1926	2403	2693	3398
lp_0882	1940	2149	2817	3488	1816	2433	2486	2999
lp_0883	1216	1248	1931	1826	1232	1175	1490	1571
lp_0884	53	51	165	224	48	66	157	173
lp_0885	37	26	130	126	59	26	88	111
lp_0886	120	121	432	441	117	131	343	382
lp_0887	108	114	378	355	108	138	326	336
lp_0888	1180	1366	1552	1302	931	1137	1221	984
lp_0889	484	567	1057	1260	166	320	680	479
lp_0891	1226	1341	827	830	1065	1060	627	671
lp_0892	245	221	177	197	243	274	197	192
lp_0893	586	551	397	463	764	681	555	481
lp_0894	634	732	680	590	252	262	164	124
lp_0895	465	593	450	510	519	503	554	528
lp_0896	5309	6431	4743	5437	3975	5405	5224	4923
lp_0897	313	291	214	259	269	283	257	288
lp_0898	15	10	9	26	8	14	22	10
lp_0900	2874	3524	2410	2396	2816	3571	3866	3473
lp_0901	2777	3438	2470	2710	2652	3679	3623	3555
lp_0902	2610	3205	2325	2765	2877	4191	4342	4449
lp_0903	1012	1280	1031	1414	1071	1486	1936	1739
lp_0907	808	909	803	661	1212	1747	2138	1959
lp_0910	5800	5487	4888	6016	5824	6600	8106	7971
lp_0912	44	43	150	191	63	50	156	144
lp_0913	881	850	1090	1049	725	583	1099	1034
lp_0914	36108	35331	29345	32766	23920	24972	30844	31462
lp_0924	222	90	75	163	328	408	238	544
lp_0925	1112	1053	681	905	1802	2015	1918	2306
lp_0926	608	765	1556	1429	441	395	1155	900
lp_0927	1987	2417	4280	5223	1365	1527	3228	3338
lp_0928	1372	1368	2716	3283	947	951	1734	1809
lp_0929	2524	3065	5276	7065	1766	2155	3594	4451
lp_0930	1979	2210	3710	4850	1219	1641	2380	3153
lp_0931	711	919	892	956	162	248	705	744
lp_0932	877	917	651	953	270	352	357	589
lp_0934	120	180	94	102	30	36	13	7
lp_0935	186	203	117	119	48	72	14	16
lp_0937	4261	4225	4745	5390	3417	3522	4817	5699
lp_0945	4	2	6	11	20	53	52	56
lp_0946	130	183	374	516	102	260	575	613
lp_0947	96	104	127	92	63	49	102	58
lp_0948	127	111	146	173	87	73	111	156
lp_0949	145	156	221	243	103	89	103	174
lp_0950	265	239	242	317	92	144	147	250
lp_0951	72	79	96	88	95	114	170	146
lp_0954	1818	2109	1133	1300	1054	1423	844	825
lp_0955	1345	1556	786	750	840	923	245	178
lp_0957	599	677	804	860	955	1100	1029	1009
lp_0959	7494	10132	8474	10023	7865	10950	11943	11908
lp_0960	273	274	210	277	200	364	288	313
lp_0960a	52	84	74	105	112	99	91	82
lp_0962	2135	2201	1771	1963	1578	2095	1780	1895
lp_0963	1891	2379	1625	1924	1762	2395	1843	2266
lp_0965	1302	1593	706	746	467	688	283	198
lp_0966	320	222	183	351	195	178	98	246
lp_0967	379	423	507	505	305	297	383	399
lp_0968	2555	2435	1645	1567	1813	2073	1105	1289
lp_0969	2022	1751	1128	1170	1711	1659	611	925
lp_0970	1769	1865	1528	1603	1631	1839	1614	1691
lp_0971	1860	2420	2014	2469	1336	1618	2172	2195
lp_0972	559	646	601	794	447	577	685	668
lp_0973	0	8	16	30	3	15	10	14
lp_0975	8	4	12	20	4	12	14	13
lp_0977	4674	5588	6294	7015	4720	5948	7637	7002
lp_0979	12983	15539	9730	10538	12630	17149	12661	11724
lp_0981	272	391	304	338	40	48	60	42
lp_0982	397	529	460	555	77	91	90	95
lp_0984	751	848	352	171	809	702	280	292
lp_0988	520	543	407	579	446	564	618	756
lp_0990	1177	1317	669	545	1613	1565	563	615
lp_0991	1554	1776	910	805	1959	2088	1117	1035
lp_0992	263	224	196	165	255	224	169	196
lp_0995	2422	3378	3225	4009	2549	3487	4663	4982
lp_0996	3583	3910	3149	3081	3591	3122	2928	3235
lp_0997	53164	56656	40631	24621	53803	33583	26465	19250
lp_0998	666	565	426	535	501	506	391	578
lp_0999	457	349	340	337	344	371	345	388
lp_1000	9700	10532	6802	6786	10844	13797	8371	8934
lp_1001	964	996	1036	754	1887	1311	1352	1016
lp_1002	2259	3276	5285	6504	1238	1988	4548	4442
lp_1003	250	245	341	425	303	420	333	435
lp_1004	507	453	824	1124	601	652	959	1076
lp_1005	7489	8076	18211	21901	6282	7533	26127	25501
lp_1008	4637	4378	2658	2252	3355	3138	1848	1789
lp_1010	4341	4553	1774	1467	4892	5774	1707	2220
lp_1011	1796	1015	715	538	2228	837	522	623
lp_1018	2044	2014	1712	1905	2328	2159	2170	2145
lp_1020	1469	1454	1074	1423	1103	1162	1203	1410
lp_1021	76306	78861	63050	68403	64200	74661	64319	67069
lp_1022	85884	91264	71464	71201	79195	88210	72477	70852
lp_1023	2	0	5	3	0	0	4	2
lp_1025	37639	38638	29877	24354	40747	36755	22977	19140
lp_1026	39049	42707	31932	27536	42507	43209	27247	22664
lp_1027	121408	131195	101753	90978	129968	136504	95591	77719
lp_1032	74359	80145	45633	40229	77871	81615	35640	37184
lp_1033	91460	84200	56389	48587	96142	91873	40593	39739
lp_1034	53393	55069	34172	29463	51312	56320	25392	25564
lp_1035	43799	43674	27144	24095	41535	44232	18998	19477
lp_1036	73369	65669	43873	38989	67885	67356	30698	29617
lp_1038	34253	33049	19656	19756	31993	39158	14065	16337
lp_1039	44502	42932	24847	26519	36480	45829	17014	19058
lp_1040	47650	45485	27663	28461	42447	50631	20285	21471
lp_1041	21779	20712	12111	13165	19703	23938	9326	9805
lp_1043	25888	24451	13265	15695	22991	27919	9597	11154
lp_1044	16561	12939	10562	8168	20388	12457	6067	5909
lp_1045	21842	19477	12639	12047	22271	20569	8683	9138
lp_1046	34434	32867	18848	21060	30937	35111	13914	14706
lp_1047	38594	36933	22727	23630	35157	39493	17624	17255
lp_1050	35985	32154	19086	23157	32808	38237	14283	15350
lp_1051	43735	40743	23460	29011	39010	47774	17801	21478
lp_1052	34653	30804	18357	22451	32737	36885	14822	16844
lp_1053	26788	22994	13693	17688	22528	28619	10005	12362
lp_1054	17998	15488	9143	11816	16227	17664	6933	8132
lp_1055	11045	8466	6241	6326	13713	11995	6486	6304
lp_1056	66203	54720	34239	42805	60292	66045	28124	32201
lp_1058	22758	19820	12768	12869	21185	20321	7557	7538
lp_1059	13555	11530	8998	9144	14298	11843	7745	7616
lp_1060	17778	12071	13175	9891	25493	12799	9531	8942
lp_1061	23230	19180	17106	15111	25240	19594	14554	13619
lp_1062	61024	58080	42384	40475	58790	52872	35521	33417
lp_1063	38488	40192	24686	28493	34877	47294	22936	25090
lp_1066	1805	2146	2350	2189	1775	2590	1751	1946
lp_1067	927	1157	1230	1173	967	1466	970	1045
lp_1068	872	1022	1326	1101	1029	1211	851	971
lp_1069	4134	4579	12938	13947	6002	7696	21458	19376
lp_1070	3620	4324	13640	14095	3851	4095	16312	14209
lp_1072	1334	1273	1480	1548	1284	1291	1470	1559
lp_1073	2415	2597	2212	2195	2303	2756	2442	2616
lp_1074	2899	3409	2774	2729	2786	3615	3449	3576
lp_1075	3330	3824	2929	2821	3498	3900	3481	3638
lp_1076	2848	3108	1813	1903	2826	3408	2284	2817
lp_1077	58231	58754	38564	39504	53737	55827	35864	35451
lp_1078	41323	43263	30058	29263	42063	41827	26315	23811
lp_1079	6307	8774	7611	8408	3579	4899	6242	5889
lp_1081	4	14	10	15	2	15	21	18
lp_1084	41	55	26	59	44	61	22	44
lp_1085	171	166	168	222	114	190	154	235
lp_1088	2	0	0	1	2	0	0	0
lp_1089	1	4	2	3	7	9	7	14
lp_1090	6	6	6	10	15	26	16	20
lp_1092	124	144	186	192	145	212	221	284
lp_1093	129	120	96	125	89	91	66	91
lp_1095	740	997	329	401	285	379	261	284
lp_1096	561	689	263	245	271	289	220	170
lp_1098	402	515	475	523	419	545	615	596
lp_1101	1089	1378	1553	1682	732	833	1058	1312
lp_1103	1107	1419	1041	1127	1094	1575	1106	1260
lp_1105	1164	1247	1303	1564	823	1045	1184	1503
lp_1106	1831	1938	2084	2252	1430	1827	1888	2187
lp_1107	1470	1640	1820	2137	919	1340	1484	1771
lp_1108	2542	3138	3519	3545	1839	2426	2958	3382
lp_1109	4611	5935	6733	6494	3306	4011	5262	5646
lp_1112	492	483	316	432	360	475	235	295
lp_1113	637	637	532	721	585	825	369	562
lp_1114	379	527	343	446	473	531	756	650
lp_1115	633	735	634	764	872	994	1293	1279
lp_1116	321	318	300	242	396	444	332	308
lp_1118	99	69	38	39	76	92	32	32
lp_1119	26	31	9	16	29	19	12	15
lp_1120	833	1008	665	474	788	796	546	427
lp_1121	511	381	238	452	406	431	325	437
lp_1123	264	272	276	338	260	189	324	282
lp_1124	150	164	138	232	197	335	261	278
lp_1125	1482	1407	2180	2535	1849	1944	3485	3802
lp_1126	1200	1150	2090	2011	1380	1299	2977	2813
lp_1128	1548	1723	1500	1606	1609	1742	1589	1709
lp_1129	2286	2729	2419	2319	2031	2555	2184	2224
lp_1132	88	86	91	103	164	198	256	280
lp_1134	1514	1701	1740	2035	1353	1981	1991	2056
lp_1135	2523	2543	1957	2248	2162	1732	2117	1987
lp_1136	2982	4510	5293	6206	3211	4863	9148	8892
lp_1138	782	583	429	538	686	709	241	368
lp_1139	2589	2340	2256	2592	2467	2594	3082	3351
lp_1140	1475	1477	1249	1474	1585	1726	1769	2080
lp_1141	7372	6945	5641	6798	7235	7449	7483	8102
lp_1144	6948	5951	4325	5617	5396	6555	4571	6174
lp_1145	8233	7826	5100	6848	6694	9851	5694	7377
lp_1146	8380	8552	5951	6800	7765	9550	5912	7223
lp_1147	3147	2859	2068	2517	3144	4417	2293	3256
lp_1148	10130	9738	6893	8208	8788	11173	6604	8310
lp_1149	17768	17217	11566	13911	15198	20290	11196	14008
lp_1150	9393	9230	5817	6515	9103	11276	5998	7585
lp_1151	7454	7367	4806	5204	7049	7892	7039	7046
lp_1153	5284	3850	3713	5784	4990	4519	4690	7497
lp_1154	1950	1896	1585	1768	1406	1656	1136	1126
lp_1155	612	604	525	654	544	643	679	825
lp_1156	669	528	543	612	528	555	631	720
lp_1157	1696	1925	1549	1822	1272	1545	1562	1616
lp_1158	1845	2176	1660	1915	1307	1711	1602	1652
lp_1159	872	774	773	781	708	857	801	760
lp_1160	4465	4794	4548	1454	6561	1908	1686	1058
lp_1161	2763	2551	2391	2648	2852	3098	2999	3117
lp_1162	3062	3004	2721	3010	3617	4230	4520	4534
lp_1163	114	218	222	237	91	192	203	198
lp_1164	545	462	434	522	727	681	885	962
lp_1165	630	586	494	668	656	678	916	998
lp_1166	2524	2969	2371	2790	2706	3283	3958	3978
lp_1168	165	119	421	623	228	226	745	1054
lp_1169	3225	4009	4767	4761	2118	2676	3683	3662
lp_1171	76	69	49	73	46	45	51	64
lp_1173	3485	4275	2399	2378	3511	4831	2601	2673
lp_1174	542	565	505	411	586	493	426	384
lp_1175	6740	7376	2023	1999	6857	7406	3141	3116
lp_1239	860	724	177	268	692	735	161	207
lp_1240	1666	1592	617	1033	1169	1350	796	851
lp_1241	7091	7305	5840	4206	5494	4174	3504	3541
lp_1242	46	22	26	50	72	130	222	235
lp_1243	589	569	290	363	669	666	396	415
lp_1244	1863	1638	882	1029	1554	1410	844	981
lp_1245	771	1191	1487	1882	589	774	1661	1440
lp_1247	3998	3568	2473	2565	2877	2563	1884	1930
lp_1248	1964	2016	1338	1128	1652	1484	1043	1040
lp_1249	675	916	1374	1667	851	1254	2267	2203
lp_1250	845	1010	1683	2206	1051	1823	2650	2601
lp_1251	333	397	668	642	253	442	745	682
lp_1253	5928	7974	14852	14611	2174	3518	9016	5471
lp_1255	6780	7310	6055	6527	6089	6921	8126	7717
lp_1256	148	135	77	87	164	201	92	154
lp_1257	1282	1467	1548	1744	1237	1912	2135	1994
lp_1258	556	499	447	482	475	530	345	464
lp_1259	783	579	366	461	702	627	370	470
lp_1260	662	537	306	415	516	643	261	399
lp_1262	390	420	664	834	346	440	518	681
lp_1263	650	724	1064	1371	553	767	805	1055
lp_1264	744	934	1419	1569	604	692	833	970
lp_1265	892	964	1399	1720	617	808	1049	1133
lp_1267	1553	1724	1560	1434	1588	1259	1603	1400
lp_1268	175	89	54	57	160	207	37	72
lp_1273	13466	11719	26810	24079	17171	11151	27418	27860
lp_1274	61719	62536	119240	127850	63968	61027	157418	154758
lp_1275	6539	6665	4655	5223	5969	7089	4650	5756
lp_1276	3578	3573	3035	3102	3341	3031	2941	2941
lp_1277	3037	3098	2458	2339	3280	3380	2603	2733
lp_1278	3547	3835	2018	1920	3869	4583	2034	2371
lp_1280	4831	6551	6584	7535	3920	5488	8666	7791
lp_1281	5502	5717	5194	5068	5348	5515	6591	6028
lp_1289	56	49	55	61	40	50	54	63
lp_1290	79	49	85	74	74	52	93	62
lp_1291	484	476	523	733	364	470	715	752
lp_1292	4608	4867	1487	1444	3335	3901	1888	1965
lp_1293	634	764	470	693	549	973	786	834
lp_1295	553	674	765	864	525	899	1006	1059
lp_1296	491	610	679	830	415	659	927	887
lp_1297	163	195	175	153	245	342	188	214
lp_1298	74	90	100	133	176	210	145	208
lp_1299	900	994	667	997	650	824	753	958
lp_1300	761	741	665	400	858	778	506	481
lp_1301	11449	14008	9428	9272	10181	11723	11110	9451
lp_1302	335	416	176	218	548	619	686	579
lp_1311	930	929	875	1073	922	855	875	1118
lp_1313	211	220	199	243	124	136	131	164
lp_1314	2765	3573	2308	2357	1802	2630	2100	1957
lp_1315	543	583	613	645	493	621	680	717
lp_1316	18278	20494	15483	17042	16921	20405	18761	18582
lp_1317	4511	4097	3642	3564	4490	4298	4094	3768
lp_1319	3450	3165	2187	2293	2994	3274	2738	3015
lp_1320	370	529	552	799	432	607	968	907
lp_1321	6201	7162	7132	7942	5366	6488	8732	8486
lp_1322	4250	4634	4472	5033	3567	4277	5484	5265
lp_1324	12	7	12	15	5	6	7	6
lp_1325	12	10	6	2	10	8	4	7
lp_1326	4	6	8	8	8	3	8	10
lp_1327	73	81	67	77	69	89	63	65
lp_1328	350	390	311	376	424	424	515	504
lp_1329	11006	13260	11107	10922	9913	10096	11581	9934
lp_1330	1135	1016	1425	1123	1554	727	1093	698
lp_1333	46	62	53	39	48	33	37	41
lp_1334	274	300	209	201	241	263	229	212
lp_1335	189	239	176	199	210	295	195	229
lp_1336	287	290	230	273	204	376	275	272
lp_1339	176	198	221	374	228	314	436	337
lp_1341	96	96	55	71	89	62	52	89
lp_1342	232	251	152	189	207	190	147	216
lp_1343	208	191	184	146	195	158	131	180
lp_1353	275	171	990	1314	430	248	956	1481
lp_1354	741	682	1342	1396	1320	825	1367	1689
lp_1355	1585	1529	968	863	2487	2089	1467	1505
lp_1356	1145	1172	808	710	2263	1392	1084	935
lp_1357	4812	4576	2340	2296	4399	4610	3820	4438
lp_1358	2907	2986	1391	1269	2382	2925	1324	1651
lp_1360	5864	6916	8996	8424	7294	6485	12511	9350
lp_1362	227	247	301	383	181	238	335	366
lp_1363	773	768	639	567	709	629	695	510
lp_1364	4258	4964	4125	4848	3903	5077	5488	5276
lp_1369	1121	1487	1067	1022	1031	1302	1129	1059
lp_1370	431	539	422	441	502	472	420	387
lp_1371	1844	2055	1876	1871	1714	1919	1713	1805
lp_1372	704	567	469	273	665	417	343	342
lp_1373	658	701	486	624	488	579	531	603
lp_1374	52	126	94	102	120	222	432	396
lp_1375	43	52	64	80	135	195	395	420
lp_1377	40	34	13	22	56	58	44	63
lp_1378	40	34	44	41	53	80	50	68
lp_1379	64	59	50	79	75	69	81	61
lp_1380	91	68	81	54	57	90	73	63
lp_1381	261	260	150	155	229	252	171	168
lp_1385	14	30	4	12	18	12	10	4
lp_1386	221	178	90	59	130	147	60	91
lp_1388	1351	993	724	358	1252	527	329	212
lp_1390	694	632	335	341	605	767	288	498
lp_1391	5849	5677	4017	3839	6268	6362	4416	4256
lp_1392	11	27	45	52	8	25	42	57
lp_1395	146	265	324	400	221	331	423	444
lp_1403	178	251	99	159	149	192	197	183
lp_1406	956	779	751	577	909	498	639	478
lp_1407	1511	1829	1971	2258	996	1533	1822	1728
lp_1409	15	17	17	13	22	31	18	31
lp_1410	806	731	341	470	743	897	465	592
lp_1411	956	1020	671	803	858	1082	568	693
lp_1412	244	362	217	216	222	276	141	165
lp_1413	6924	6022	3960	3654	6592	6163	2872	3311
lp_1415	3491	2949	2689	2266	3211	1806	2056	1767
lp_1416	1593	1551	887	825	1273	1452	617	785
lp_1417	5186	5274	2763	2958	3890	5752	2223	2805
lp_1418	2090	1978	1302	1455	1652	1951	1151	1341
lp_1420	18	39	45	58	15	51	56	96
lp_1422	325	389	386	423	239	325	346	356
lp_1424	153	188	73	51	119	184	79	83
lp_1425	316	310	206	281	326	423	245	256
lp_1426	504	504	648	698	325	445	671	683
lp_1427	602	832	563	474	1150	1172	977	710
lp_1430	517	574	551	608	890	1022	952	1093
lp_1431	1134	1278	1171	1425	1179	1479	1333	1369
lp_1435	1940	2234	788	655	1650	2084	720	735
lp_1436	9790	8785	6098	11488	16	30	25	38
lp_1437	21052	18856	16616	26784	41	63	119	125
lp_1438	10584	9880	9087	13958	18	30	52	39
lp_1440	14	20	14	12	17	26	40	38
lp_1442	784	791	469	417	60	68	112	81
lp_1443	158	204	285	271	317	355	559	457
lp_1445	290	286	138	146	97	110	98	112
lp_1446	158	242	1053	1281	138	258	616	672
lp_1447	28	48	155	179	19	29	93	70
lp_1448	59	52	256	267	35	71	162	166
lp_1449	32	38	165	168	31	50	106	84
lp_1450	77	66	228	279	56	94	109	86
lp_1452	27460	32216	21175	19480	28744	28285	25625	20807
lp_1453	445	533	651	628	401	437	615	513
lp_1454	655	726	978	980	623	757	1030	814
lp_1455	978	949	753	792	1139	1140	978	1088
lp_1456	907	840	746	677	982	939	966	978
lp_1457	2681	2776	1720	1950	2722	2672	1908	2456
lp_1458	1297	1358	830	695	1142	1072	860	887
lp_1459	1695	2099	1931	1869	1349	1483	1777	1566
lp_1460	4056	4231	3233	3743	3485	4239	3697	4183
lp_1461	18147	19025	15194	15429	16860	20415	18464	19173
lp_1462	7740	7991	6558	5862	7752	8243	7423	7363
lp_1465	96	100	163	161	41	50	73	71
lp_1466	263	323	623	632	149	195	318	309
lp_1467	55	85	69	87	28	36	28	47
lp_1468	1396	1789	1804	2086	1183	1658	1611	1933
lp_1469	1824	2016	2149	2583	1271	1732	1969	2413
lp_1470	2100	2419	2160	2793	1542	1974	1997	2441
lp_1471	1236	1576	1184	1663	756	1239	934	1416
lp_1472	1892	1998	1993	2218	989	1076	994	1477
lp_1482	263	282	617	773	365	341	222	491
lp_1483	1322	1372	2639	3436	1050	902	807	1239
lp_1507	6818	7834	8044	7416	6200	6672	7368	6493
lp_1508	6699	7199	6426	7425	5817	6941	7760	7874
lp_1509	2015	2195	1963	2224	1606	2274	2298	2431
lp_1510	1158	1142	1155	1174	1154	1282	1218	1290
lp_1511	1396	1532	1347	1382	1264	1159	1407	1453
lp_1512	4919	5244	4294	4969	4279	5651	5346	6037
lp_1513	3379	3183	2506	2959	2845	3270	2940	3190
lp_1514	16379	18876	15853	16899	17091	20012	21647	20951
lp_1515	35651	36861	23616	18545	37065	37392	18138	16979
lp_1516	19298	14428	13384	8212	20484	11514	6764	5394
lp_1517	18523	17464	13324	8837	18067	13639	7874	6484
lp_1518	0	2	1	0	6	4	0	6
lp_1519	142	192	241	184	207	316	287	275
lp_1521	71	80	121	110	74	151	181	193
lp_1522	109	122	96	171	76	99	98	194
lp_1523	103	150	266	262	189	239	424	366
lp_1525	101	76	63	94	33	46	45	56
lp_1527	2300	2147	1701	2014	1778	2109	1723	2094
lp_1528	4192	3880	3163	3766	3206	3305	3182	3698
lp_1529	2506	1955	1636	1936	1924	1696	1452	1849
lp_1530	3501	2827	2167	2819	2470	2659	2300	2877
lp_1531	4211	3829	2668	3612	3338	4210	3051	4222
lp_1532	834	822	609	721	738	663	593	648
lp_1533	2116	2042	1426	1645	1690	2035	1354	1675
lp_1534	3381	3475	2275	2712	2748	3983	2381	2701
lp_1535	11356	11388	7380	3761	11871	8405	4370	3857
lp_1539	801	810	948	1372	546	778	677	868
lp_1540	0	5	10	10	4	2	2	0
lp_1541	16827	17849	13630	13487	16511	17849	13404	12592
lp_1543	614	671	665	775	369	436	648	581
lp_1544	6842	6835	5869	4861	6085	4802	5561	5090
lp_1545	5050	5179	4283	4020	3924	3820	3600	3833
lp_1546	595	619	922	886	1261	845	1755	1581
lp_1548	2062	2928	2923	3491	1628	2841	3027	3109
lp_1549	370	435	550	577	258	412	526	477
lp_1552	36	24	30	40	35	11	19	17
lp_1553	8407	9868	8509	8807	8350	11280	11278	10602
lp_1554	965	1113	1055	1181	768	750	1071	959
lp_1555	2189	2061	1868	2152	2184	2134	1875	2111
lp_1556	3990	3884	3305	4057	3002	2873	2969	3350
lp_1557	2879	2699	2428	2876	2178	2458	2491	2992
lp_1558	3308	3342	2751	2999	2742	3127	2657	2765
lp_1559	10164	10423	8667	9023	8595	9471	8000	8572
lp_1561	13465	13732	10038	12243	16932	17696	13556	16155
lp_1562	7954	7992	6621	6916	10018	10107	8672	9151
lp_1563	4308	4365	3772	2796	5159	3961	3874	3504
lp_1564	767	875	692	717	1186	1639	1130	1018
lp_1565	418	485	373	352	662	898	648	493
lp_1566	54	69	775	722	72	38	881	801
lp_1567	5394	6102	4650	4359	4644	5524	3768	3763
lp_1568	8202	7443	5477	5849	7598	8585	5168	5647
lp_1570	1208	946	657	907	1032	809	704	1024
lp_1571	1332	889	651	893	946	818	751	1003
lp_1572	9045	9337	6484	9564	5771	8300	6735	9313
lp_1573	17479	16889	14417	16726	13465	14069	16153	17219
lp_1574	1036	894	637	811	485	662	520	653
lp_1576	2344	2154	1949	2889	1821	1837	2111	2947
lp_1577	1155	1275	1275	823	1223	659	1106	684
lp_1578	428	372	395	496	296	319	466	494
lp_1579	631	639	551	614	479	496	693	867
lp_1580	10531	12834	5185	5036	13565	17324	5994	7729
lp_1581	26054	29895	13395	11998	30696	32650	13826	15445
lp_1583	5778	4889	3444	4359	5445	5354	2920	4689
lp_1584	8000	7061	4683	6584	7290	7832	4166	6859
lp_1585	2509	2544	2188	2193	2546	2441	2126	2382
lp_1586	1819	2239	1953	1935	1305	1722	2117	1982
lp_1587	59	45	39	67	49	61	62	46
lp_1591	1751	1895	1416	1638	1512	1600	1357	1485
lp_1592	82782	81289	49415	40571	82203	71846	36040	34902
lp_1593	66601	68575	40857	33120	64694	62072	32167	30647
lp_1594	46092	48762	31181	24775	44491	45661	25283	22407
lp_1595	13402	13185	9292	9512	9507	9871	6228	7263
lp_1596	16295	17702	13445	14226	16623	16211	16321	14604
lp_1597	14570	15825	11651	12340	12894	13634	13944	12855
lp_1598	8946	9532	7738	6798	6191	5658	6848	5470
lp_1599	1419	1441	1110	1684	1209	1499	1708	2471
lp_1600	3957	3813	3274	4008	3254	3915	3590	4811
lp_1601	688	694	599	721	615	693	593	836
lp_1602	2043	1703	1528	1809	1811	1694	1647	1892
lp_1603	2610	2354	1958	2240	2350	2378	1918	2516
lp_1604	3003	2907	2231	2826	2480	3060	2191	2857
lp_1605	2596	2541	2122	2455	2374	3071	2230	2923
lp_1607	7719	8011	8607	10375	7308	7941	9852	10762
lp_1608	2377	2453	3031	3143	2530	2388	3463	3107
lp_1609	4157	3708	4403	4231	4142	3274	4265	4340
lp_1610	2800	2820	3359	3279	2877	2797	3690	3741
lp_1611	219	286	204	250	323	434	414	351
lp_1612	5864	6541	5047	5987	6295	7023	7761	7895
lp_1613	2329	2941	2119	2717	2308	3031	3243	3682
lp_1614	2175	2128	2046	2542	1888	2344	2563	2890
lp_1615	3413	3195	3147	3618	3120	3766	3736	4487
lp_1616	2118	2102	1889	2173	1659	1979	1909	2158
lp_1617	2289	2217	2249	2434	2202	2372	2350	2758
lp_1618	2040	2016	2010	2214	1889	2035	2091	2416
lp_1619	5693	5589	5285	5627	5179	5275	5280	5907
lp_1635	7288	7312	7095	6804	7495	7691	7710	7723
lp_1636	69895	70463	42305	27575	69402	53837	26098	21469
lp_1637	25133	23359	15968	9658	26914	17221	9189	7098
lp_1638	1673	1683	762	746	1368	1860	485	582
lp_1639	2615	2626	1303	1301	2712	3111	1102	1285
lp_1640	20551	24364	16404	12268	24749	23586	16589	13036
lp_1642	485	451	459	632	523	530	497	695
lp_1645	20	28	28	22	28	22	32	35
lp_1648	559	596	558	620	401	405	777	670
lp_1649	961	1233	1027	1348	953	1157	1480	1549
lp_1652	43	48	55	58	47	68	62	82
lp_1653	0	4	6	8	8	3	10	2
lp_1654	0	12	4	6	4	28	13	28
lp_1655	8	4	0	9	7	3	20	17
lp_1656	12	1	6	9	14	27	4	27
lp_1657	25	26	30	39	46	45	26	58
lp_1658	30	10	29	26	24	40	28	37
lp_1659	558	561	603	769	737	709	821	936
lp_1660	908	1000	1139	1288	1266	1380	1927	1848
lp_1662	10	10	16	10	17	28	22	16
lp_1663	46	40	44	45	50	96	50	81
lp_1664	61	71	61	54	78	100	62	77
lp_1665	30	35	41	72	288	307	422	487
lp_1667	14	32	46	83	49	57	55	66
lp_1668	563	592	641	717	979	915	766	1027
lp_1669	814	859	749	931	1314	1386	1105	1340
lp_1670	389	1263	3873	5150	9366	11510	10249	10859
lp_1671	684	2603	9137	12631	23093	28453	25572	28242
lp_1672	175	601	2352	3754	7594	10084	6388	10033
lp_1673	582	1796	6818	12184	18035	28462	19679	29088
lp_1674	335	1057	4630	7075	12137	15852	13307	16691
lp_1675	548	1824	7653	12719	20033	31347	24162	32346
lp_1676	301	925	4333	6482	11140	15714	12968	16401
lp_1677	236	696	3455	5131	9397	12503	9769	12775
lp_1678	682	1788	8582	13757	24395	34550	27286	35994
lp_1679	443	1086	5122	7986	16120	20669	17568	22045
lp_1680	329	909	3968	7268	14222	24301	16550	24717
lp_1681	374	1022	5066	7736	14512	17522	17826	19563
lp_1682	290	777	3774	5466	10808	14730	15576	16764
lp_1684	32	32	18	24	35	28	32	22
lp_1685	203	225	541	643	844	831	926	798
lp_1686	201	186	441	453	758	665	616	581
lp_1687	429	413	338	463	819	985	510	549
lp_1688	52	64	98	77	79	124	139	120
lp_1689	42	58	29	29	41	73	46	52
lp_1690	2007	2317	2031	2751	2017	2396	3468	3716
lp_1694	296	357	302	285	481	351	424	432
lp_1695	36	44	49	35	151	83	58	65
lp_1696	1114	1028	1331	1281	1386	970	1023	1134
lp_1697	639	638	1087	1114	293	243	717	577
lp_1698	819	1049	603	518	546	851	408	361
lp_1699	1182	1342	1173	1202	733	693	669	577
lp_1700	699	840	1280	1530	680	841	1750	1676
lp_1701	681	714	1171	1386	660	596	1320	1111
lp_1702	1798	1835	2708	1947	2641	1897	2455	2184
lp_1703	1479	1664	2211	2493	1025	1242	1556	1335
lp_1704	1317	1642	3204	4756	1125	1780	2781	2944
lp_1705	1279	1377	3180	3687	1140	1237	2603	2443
lp_1706	1406	1525	3681	4057	1305	1431	3310	2991
lp_1708	1205	1225	1555	1652	474	438	638	792
lp_1709	480	515	623	637	388	438	683	670
lp_1711	1957	2516	2817	3333	1582	2461	3574	3618
lp_1712	2036	2549	2174	2232	1854	1848	2530	2195
lp_1713	1927	2178	2188	2558	1490	1746	3153	2718
lp_1715	1464	1466	852	670	1317	1238	625	661
lp_1716	1574	1421	921	726	1699	1363	833	929
lp_1717	233	303	217	416	217	366	229	332
lp_1718	93	100	82	80	77	80	93	90
lp_1721	61	82	78	90	50	79	88	104
lp_1722	62	72	75	76	87	114	115	89
lp_1723	1300	1389	1409	1425	1148	1314	1496	1399
lp_1724	1884	2139	1930	2104	1371	1712	1820	1927
lp_1726	1368	1591	1529	1400	1062	1279	1523	1419
lp_1729	175	246	137	146	264	235	141	164
lp_1731	146	204	237	246	230	322	276	282
lp_1732	1456	1641	1014	1005	1213	1379	1183	1029
lp_1733	3116	3615	2846	2666	3280	3489	3471	3084
lp_1734	2446	2823	2660	2400	2535	3098	3064	3031
lp_1735	1393	1790	1431	1499	1333	1913	1701	1793
lp_1737	3826	4419	4891	5291	3732	4288	5159	5521
lp_1738	2408	2296	1744	1610	2359	2367	1373	1689
lp_1739	10170	10300	7819	8412	8187	9118	6408	7541
lp_1741	2697	2781	1627	1527	1936	2385	1127	1310
lp_1744	19	37	24	38	24	35	28	32
lp_1745	18	20	8	32	10	11	5	15
lp_1746	20	22	32	16	23	26	10	22
lp_1747	485	555	1156	1144	331	377	841	717
lp_1748	34	27	52	61	36	31	40	42
lp_1749	4	8	20	13	4	5	5	18
lp_1750	4	4	0	6	0	10	4	13
lp_1751	7291	8475	6978	7576	7512	10699	8158	8586
lp_1752	1982	1932	1756	1907	2201	2790	1634	2034
lp_1753	523	484	500	519	434	342	517	426
lp_1754	19937	17729	18238	15260	19820	13428	17797	13603
lp_1756	2747	2979	1782	2084	2261	2596	1820	1904
lp_1760	335	410	635	670	408	392	675	560
lp_1762	46	43	136	120	51	56	167	123
lp_1763	93	89	624	571	93	67	698	646
lp_1779	5212	5104	4894	6085	4759	5073	5908	7342
lp_1780	724	583	478	700	702	580	369	674
lp_1781	1550	1510	1138	1537	1148	1710	1347	1804
lp_1782	880	963	1536	2149	713	922	2240	2418
lp_1783	2388	2580	4543	6374	2014	2461	6683	7145
lp_1784	6045	6401	9523	12509	4558	5566	14041	15054
lp_1785	351	370	912	1135	60	89	563	617
lp_1786	274	288	262	289	200	281	232	246
lp_1787	443	454	500	607	403	647	644	674
lp_1788	312	322	359	373	251	493	421	510
lp_1789	406	473	430	488	470	706	466	614
lp_1790	177	217	187	142	87	90	86	95
lp_1793	4158	5459	4364	4977	3428	5374	5399	5141
lp_1795	1660	2052	1402	1501	1141	1160	1004	1022
lp_1796	4990	5596	4229	4079	5268	5395	4759	4353
lp_1797	1126	1106	986	783	1290	1199	1072	923
lp_1798	296	250	328	339	342	182	320	287
lp_1801	1083	1261	1069	817	864	991	774	809
lp_1803	132	171	178	157	124	216	137	109
lp_1805	397	396	311	503	404	429	539	593
lp_1806	390	398	337	458	294	339	420	416
lp_1807	290	227	263	365	291	233	292	371
lp_1809	627	640	427	396	754	757	403	310
lp_1812	791	1055	1282	1619	760	962	1406	1239
lp_1813	317	435	375	369	413	551	448	512
lp_1814	613	712	755	882	541	711	793	746
lp_1815	355	380	516	509	332	492	484	490
lp_1816	9	9	5	7	7027	6821	8017	8473
lp_1817	13	24	30	34	7053	6860	8090	8087
lp_1818	869	913	1136	983	5165	4098	2791	3362
lp_1819	987	1173	1347	1207	9085	7688	5536	6068
lp_1820	1032	1085	525	562	473	520	396	399
lp_1821	610	769	691	861	659	731	891	744
lp_1822	243	314	207	299	266	388	428	452
lp_1824	57	57	119	160	18	32	96	110
lp_1825	108	130	163	194	39	45	122	115
lp_1833	266	258	359	420	392	503	785	749
lp_1834	4	2	7	3	14	1	6	1
lp_1835	1761	2060	3776	3538	971	1019	3218	2132
lp_1836	1611	1732	3687	3301	1222	863	3018	1960
lp_1837	16865	16482	15060	14478	14469	12249	12552	11704
lp_1838	18172	18675	14725	13956	16723	16319	12919	12885
lp_1842	1729	2213	2066	1970	1807	2055	2178	1972
lp_1843	4010	4152	3829	4209	3477	3897	3540	3929
lp_1845	7321	6569	6204	6753	6845	7317	5729	6998
lp_1846	2136	1966	1614	2044	1909	2399	1607	1974
lp_1847	2567	2280	1820	2198	2219	2528	1649	1898
lp_1848	16345	19008	9518	9557	13413	15914	13970	12548
lp_1850	8362	9466	8285	9093	7556	9186	7966	8014
lp_1852	1342	1582	1421	1440	1195	1630	1250	1208
lp_1853	1191	1311	1296	1306	1069	1248	1189	1112
lp_1854	1517	1601	1837	1793	1332	1319	1308	1216
lp_1856	209	249	221	242	126	170	191	156
lp_1857	217	339	293	291	229	239	439	396
lp_1859	58	86	24	41	127	146	99	76
lp_1860	117	138	59	99	179	255	125	140
lp_1863	1163	1181	657	682	1247	1577	705	931
lp_1864	7781	8956	7391	7255	7000	8339	6413	6878
lp_1865	1539	1692	1508	1426	1546	1502	1197	1165
lp_1866	1618	1819	1752	1556	1822	1822	1545	1687
lp_1867	4123	4556	3796	3938	3612	4281	3082	3907
lp_1868	6382	7183	6761	7629	5631	6979	7645	8286
lp_1869	2081	2019	2342	2781	1691	2159	2431	2875
lp_1870	3807	4153	4420	5629	2981	4246	4810	5438
lp_1871	6621	6883	7378	9204	5204	7082	7494	9009
lp_1872	2352	2359	8635	9117	1776	1840	10571	9439
lp_1873	3297	3336	5199	5939	2743	3201	5167	5535
lp_1874	2220	2246	3388	3915	1668	1880	3468	3560
lp_1876	2001	2353	4692	5404	1348	1635	4794	4685
lp_1877	2409	2422	1834	2108	1616	1725	1356	1440
lp_1879	54781	61244	52821	43815	57557	44367	67213	52528
lp_1881	8951	8958	7194	7900	6895	6897	9030	8647
lp_1882	61825	68563	61906	58635	57406	55284	67041	60939
lp_1883	16246	16144	13564	13236	16471	16578	14180	13722
lp_1884	12431	13782	10850	10679	12169	13062	11208	11286
lp_1885	2375	2633	3366	3563	1372	1743	1515	1782
lp_1886	1638	1974	2368	2486	868	1280	1247	1347
lp_1887	1663	1910	1901	1851	629	556	1038	769
lp_1888	2179	2091	1966	1963	2110	1744	1754	1923
lp_1889	2571	2702	2045	2616	2198	2611	2293	2843
lp_1890	2573	2772	2039	2492	1868	2401	2210	2681
lp_1891	1704	1654	1208	1543	1257	1664	1390	1861
lp_1892	1427	1285	1159	1312	1236	1270	1298	1368
lp_1893	2737	2734	2296	2451	2471	2665	2707	2878
lp_1894	929	727	655	617	784	584	650	741
lp_1897	133961	149200	58909	54715	131147	115958	77361	65604
lp_1898	39912	44656	20579	21818	45275	45185	28802	27238
lp_1899	2996	3323	3346	3533	2719	3098	3488	3734
lp_1904	5041	5295	8364	8824	3944	4149	7990	7791
lp_1905	2767	2955	3958	4564	2154	2551	4123	4279
lp_1906	1553	1734	2290	2619	1210	1493	2204	2352
lp_1908	3092	3472	1434	760	2398	2697	222	223
lp_1909	41	75	48	64	95	98	70	86
lp_1910	76	88	54	76	109	142	90	70
lp_1911	1006	1255	1152	1532	862	1197	1292	1312
lp_1912	45	50	115	104	94	91	96	126
lp_1913	198	208	170	184	284	319	273	246
lp_1914	229	287	222	268	425	432	365	335
lp_1915	499	669	651	634	454	637	748	725
lp_1918	285	221	335	464	305	313	562	653
lp_1921	605	548	351	286	480	358	186	186
lp_1922	390	462	492	513	677	1172	1126	991
lp_1923	1032	1135	1650	1970	1181	1491	2435	2566
lp_1925	645	661	942	1413	202	259	617	792
lp_1926	161	122	164	188	144	197	155	147
lp_1927	151	144	149	199	152	230	229	205
lp_1928	419	383	339	393	414	360	232	243
lp_1929	90	90	92	118	67	80	79	87
lp_1930	335	418	432	586	246	297	450	375
lp_1931	518	472	635	757	725	893	1147	1279
lp_1933	28	55	33	55	61	77	116	98
lp_1934	83	75	52	64	79	62	70	87
lp_1936	37	34	34	39	39	39	59	67
lp_1937	36	26	30	37	39	34	38	46
lp_1938	332	411	602	887	416	588	1097	957
lp_1939	931	1024	965	1018	1043	1315	1366	1165
lp_1943	271	345	374	378	1115	1316	1293	1402
lp_1944	45	30	56	69	133	138	209	274
lp_1945	38	24	48	81	74	84	112	211
lp_1946	2	2	4	5	10	10	2	3
lp_1947	321	362	257	271	394	708	356	403
lp_1948	34	66	58	52	105	92	107	67
lp_1949	125	139	115	122	194	179	181	141
lp_1955	63	64	69	42	464	464	128	151
lp_1956	407	391	289	396	344	391	279	390
lp_1957	442	404	305	469	435	493	346	452
lp_1958	354	304	258	290	310	271	194	308
lp_1959	331	230	157	215	220	314	104	238
lp_1964	12484	13322	10981	12347	10159	10840	12590	12167
lp_1965	4674	4830	4021	5066	3825	4445	4415	4722
lp_1966	2609	2485	1888	2235	2450	2686	2329	2565
lp_1967	3235	2939	2533	2856	3092	3125	2895	3314
lp_1968	964	906	805	913	944	956	974	968
lp_1969	2089	2088	1721	1971	1952	2153	2040	2326
lp_1970	4354	4400	3751	4621	4088	4934	3978	4838
lp_1972	67523	71476	52490	64504	58734	72773	63399	68528
lp_1973	23315	21604	18964	18584	21809	16608	19997	17208
lp_1974	499	695	1812	2066	493	725	2014	1868
lp_1975	93	87	62	46	52	70	25	51
lp_1976	2382	2780	2005	2224	1963	2438	1965	2542
lp_1977	1584	1634	1323	1396	1351	1488	1480	1591
lp_1978	1545	1780	1503	1584	1291	1514	1750	1619
lp_1979	218	160	211	212	119	136	242	213
lp_1980	8587	7657	6712	8618	7526	9075	7322	8842
lp_1981	5805	5215	4063	5832	5251	6444	4136	6065
lp_1982	3557	4155	3609	3308	3222	3223	3367	2691
lp_1983	259	344	369	370	177	289	330	338
lp_1985	824	828	748	774	950	1022	1019	1183
lp_1986	1830	1843	1662	2252	1618	2179	2170	2691
lp_1987	4145	4386	3729	5318	3755	5101	5160	6931
lp_1988	3203	3348	3099	2850	2914	2939	3281	3167
lp_1989	1999	1610	1304	1817	1638	2167	1844	2294
lp_1990	2089	1810	1528	2132	1922	2240	2075	2390
lp_1991	394	377	253	281	350	429	225	298
lp_1992	1768	1814	1707	1869	1809	1835	1940	1927
lp_1994	2868	3108	2296	1884	5271	6176	3310	2966
lp_2015	2954	3134	2859	3277	3400	4647	4238	4360
lp_2016	56023	60806	45911	45037	59948	61907	55263	54433
lp_2017	14273	13350	11166	11178	16524	14358	11781	11904
lp_2018	41737	38614	32132	33506	45325	41386	35309	36100
lp_2019	33732	32242	25916	28258	33246	35242	34147	36868
lp_2020	5378	3696	2570	3838	5298	5176	2921	4776
lp_2021	21475	15577	11528	16231	22734	18047	13682	20849
lp_2026	11843	11822	9036	10397	11957	13552	10838	11972
lp_2027	40011	39552	33459	34039	42362	45050	39428	42812
lp_2028	9523	10093	7925	8905	11292	11550	10675	11385
lp_2029	15508	15822	13999	15547	17597	17172	17242	16514
lp_2030	1713	1762	2977	3128	1196	1562	2552	2540
lp_2031	1975	2115	3325	3936	1750	2538	3413	4019
lp_2032	1136	1087	1776	2183	883	1059	1784	2051
lp_2033	29	25	17	14	28	37	23	26
lp_2034	43	43	29	30	33	51	28	42
lp_2035	63	66	53	66	62	82	70	56
lp_2036	22	18	20	19	19	29	18	18
lp_2037	50	66	33	62	48	56	42	37
lp_2039	3444	3351	2406	2140	3414	2958	1671	1839
lp_2040	26326	24427	17397	17120	24458	25324	13226	15809
lp_2041	3883	3536	2402	2611	3095	3908	1817	2688
lp_2042	2216	2020	1533	1577	1918	2203	1213	1575
lp_2043	6695	6412	4379	4515	6214	7275	3821	5129
lp_2044	2533	2426	1431	1593	2062	2475	1184	1565
lp_2045	9780	9901	8401	7716	8110	8950	7821	7901
lp_2048	13910	14892	12320	12013	13066	14761	14579	15083
lp_2049	4218	3788	3481	3052	4187	3951	3777	3891
lp_2050	2294	2086	1979	1985	2177	2116	2251	2184
lp_2054	21525	23252	16799	14917	20527	18174	15099	13137
lp_2055	57698	60935	43635	34829	61142	49220	38135	31244
lp_2056	2407	2906	1180	1031	3284	3729	1860	1888
lp_2057	78129	94869	65686	67016	81228	88931	98609	87287
lp_2058	239	268	263	245	778	322	334	289
lp_2059	839	918	719	767	1340	1396	1304	1326
lp_2060	993	1205	1073	1142	1096	1242	1454	1159
lp_2061	440	333	276	226	336	248	256	250
lp_2062	965	886	685	506	413	331	246	283
lp_2063	4577	6056	4421	5102	4024	5784	6226	5847
lp_2066	313	395	250	245	1067	1184	1045	969
lp_2067	999	881	1025	1125	1239	1242	1488	1402
lp_2068	723	633	581	806	643	797	696	818
lp_2069	13	16	6	20	8	13	16	9
lp_2071	1225	1334	1301	894	3594	3218	3088	2604
lp_2081	122	108	107	142	150	107	136	168
lp_2082	434	357	317	628	332	336	482	509
lp_2083	1057	1033	967	1185	917	1040	947	1199
lp_2084	16	8	4	9	22	12	6	13
lp_2085	1413	1585	1206	1381	1268	1556	1356	1234
lp_2086	6947	6990	5103	4442	6543	5590	5403	4692
lp_2087	8625	9145	6559	7057	8815	9317	8114	8600
lp_2088	629	478	438	548	644	610	483	618
lp_2089	1425	1228	1071	1437	1369	1861	1335	1760
lp_2090	1596	1378	1226	1654	1568	1669	1709	2004
lp_2093	494	745	1113	1500	564	797	1539	1320
lp_2094	4139	3725	3129	3876	4107	4667	4504	5136
lp_2095	236	311	1095	1178	235	333	1384	1272
lp_2096	301	381	1621	1798	364	538	1849	1876
lp_2097	458	639	2363	2482	527	779	2644	2580
lp_2098	160	209	562	513	155	195	764	721
lp_2099	1277	1048	26	60	637	562	76	86
lp_2100	734	707	16	17	351	380	36	56
lp_2102	865	877	20	27	423	464	61	79
lp_2104	288	227	8	4	112	126	10	18
lp_2106	555	363	17	26	157	276	18	33
lp_2107	519	366	29	57	152	196	41	51
lp_2108	324	252	20	53	106	162	22	39
lp_2109	2200	2244	2867	3127	2113	2200	2935	2831
lp_2110	3016	3286	2070	1778	3010	3069	1651	1422
lp_2111	4641	4949	2920	2859	4239	4906	2475	2229
lp_2112	963	1139	894	794	1142	1051	1585	1133
lp_2113	10165	12145	16853	17710	7466	9001	17853	13875
lp_2114	1446	1369	1000	1011	928	798	827	853
lp_2115	4981	4628	3437	4355	3063	3421	2491	3045
lp_2116	10109	11038	8857	8727	10328	9817	9472	8911
lp_2118	53503	58752	39763	41511	51086	50505	51813	46793
lp_2119	304742	331295	299861	309971	295085	307691	385049	347366
lp_2121	599	538	333	230	387	356	179	192
lp_2122	8284	9123	8415	7969	7208	7266	7312	7328
lp_2123	4462	4606	4077	3520	3606	3312	2918	3074
lp_2125	17455	19846	11048	7209	18002	15065	7747	7256
lp_2126	22851	28432	19390	11866	26207	20492	15528	10707
lp_2128	3165	3382	2310	2618	2078	2507	2277	2542
lp_2129	2938	2718	2114	2715	2197	2493	2489	3013
lp_2130	738	585	541	620	571	574	645	767
lp_2131	590	518	427	497	219	286	129	174
lp_2132	2474	2640	2294	3150	2256	2916	3057	3751
lp_2133	737	731	716	972	773	966	1061	1391
lp_2134	1066	973	1015	1351	819	1070	1063	1479
lp_2135	296	224	213	342	248	216	263	316
lp_2136	17693	19588	21674	24412	20826	25100	28374	29801
lp_2137	3290	3634	4136	4809	4389	5400	5280	6114
lp_2141	866	733	497	398	1460	1305	703	851
lp_2143	469	503	380	282	708	583	441	499
lp_2146	64111	72670	30340	28712	55231	63783	33055	32772
lp_2147	1057	1055	1234	1354	948	948	1813	2031
lp_2149	437	414	523	668	309	453	671	948
lp_2150	295	270	430	546	282	325	648	833
lp_2151	621	786	38294	42099	626	759	46193	49132
lp_2152	524	629	32631	36091	541	771	44337	48884
lp_2153	346	470	20913	23881	398	502	29382	33261
lp_2154	324	389	18859	19625	444	438	24785	27782
lp_2155	4109	5067	4460	4146	4357	4355	6425	4951
lp_2156	358	321	191	222	385	330	192	282
lp_2157	1278	1269	1330	985	1569	1139	1093	932
lp_2158	20869	24077	20188	19608	20830	24268	22376	20067
lp_2159	2897	3120	1970	1701	2615	2986	1824	1741
lp_2160	1492	1666	1289	743	1423	1504	596	623
lp_2162	10982	14091	20556	23143	11307	13064	33519	30916
lp_2166	4077	4575	4055	4229	6070	6159	8290	7511
lp_2168	3494	3776	2077	2415	4005	4729	3523	3844
lp_2169	1278	1331	752	1033	1169	1630	1157	1487
lp_2170	583	514	250	412	474	661	491	613
lp_2173	100	118	82	107	74	113	156	128
lp_2174	52	83	52	79	62	96	98	108
lp_2175	45	42	30	60	36	56	63	64
lp_2176	368	386	236	374	305	415	330	481
lp_2177	855	730	719	917	727	846	819	913
lp_2178	6993	7241	4281	5047	5868	7879	4433	5011
lp_2179	3606	3918	2713	3510	2859	3865	2857	3492
lp_2180	7343	7528	5693	6705	5536	6945	5670	6658
lp_2181	2656	2356	2150	2247	2593	2205	2153	2301
lp_2182	911	979	795	867	1176	929	774	884
lp_2183	2390	2584	1792	2334	1920	2509	2168	2331
lp_2185	3229	3398	2512	2815	2571	3163	3366	3439
lp_2187	34066	38592	34078	35902	32861	38679	42742	39375
lp_2189	19174	20639	15929	17446	16395	18543	13737	15077
lp_2190	7590	8135	6783	7301	7305	8330	6206	7229
lp_2191	1949	1931	1765	1848	2090	1959	1683	1849
lp_2192	5977	5979	5176	5625	5463	5977	5028	5531
lp_2193	14807	15419	13473	15074	13113	15896	13888	15465
lp_2194	13507	13955	12598	14380	12872	14599	12740	13715
lp_2195	2918	2834	2231	2234	3103	3331	2164	2726
lp_2196	4560	4195	3291	3681	4364	5065	2973	4016
lp_2197	5296	5350	3797	4173	5151	6023	3706	4962
lp_2199	4887	4950	3580	3235	4559	4909	3247	3264
lp_2200	10792	11475	7421	9018	10053	13359	7856	9940
lp_2201	1085	998	770	951	1299	985	734	831
lp_2202	2433	1787	1361	2078	2441	2318	1260	2308
lp_2203	1207	844	586	954	1294	896	428	855
lp_2205	1179	1248	1031	913	1363	1333	1079	882
lp_2206	772	1009	1105	1316	698	992	1053	1224
lp_2210	3828	4172	2564	2651	2649	3598	2815	2898
lp_2211	1737	2141	1368	1292	1815	1726	1724	1620
lp_2212	646	903	845	911	544	713	803	711
lp_2213	1564	1750	1161	1060	1421	2058	1663	1566
lp_2215	2251	2815	1720	1716	1750	2167	1760	1803
lp_2216	575	631	450	358	629	508	419	340
lp_2217	2931	3620	3508	3586	2347	2483	3770	3165
lp_2218	1108	1419	1320	1554	975	1454	1568	1796
lp_2219	2555	3374	8302	9283	2589	3659	11711	10861
lp_2220	2735	3151	6553	6430	2696	3591	8396	7656
lp_2221	4075	5043	3846	4003	3752	4893	4981	4910
lp_2222	2463	2720	2447	2466	2256	2437	3126	2972
lp_2223	1370	1438	1088	1284	1101	1231	1303	1461
lp_2225	5956	6257	6422	6431	5587	5678	7987	7111
lp_2226	680	808	699	873	585	834	1234	1191
lp_2227	9139	9348	9739	8240	10360	8782	10438	9425
lp_2228	7032	7310	9293	11340	7207	7661	9042	9068
lp_2229	1980	2329	2139	2571	1824	2499	2853	3073
lp_2230	3048	3524	3334	3726	3021	3234	4116	4159
lp_2231a	249	184	244	264	195	152	288	265
lp_2231b	524	423	536	460	476	342	501	535
lp_2231c	5777	6220	5299	5752	4707	4910	6094	6120
lp_2232	3514	4189	2437	2341	3789	5453	3130	3051
lp_2234	2036	1824	1255	1235	1525	1573	1254	1374
lp_2235	3640	3429	2170	2778	2952	3934	2420	3316
lp_2236	1961	1807	1286	1729	1739	2244	1623	2078
lp_2237	3122	3162	2373	3020	2560	3123	2954	3375
lp_2238	885	860	609	779	632	786	773	776
lp_2240	3464	3517	1155	1192	2671	3599	812	1051
lp_2242	4490	4044	2144	2701	4358	4261	3663	4223
lp_2243	2362	2055	1404	2107	2081	2230	2129	2938
lp_2244	40	21	11	13	13	16	4	16
lp_2246	20	15	13	13	6	15	6	12
lp_2247	17	24	15	17	15	18	8	15
lp_2248	48	56	6	29	41	50	34	39
lp_2249	56	43	31	28	41	43	22	29
lp_2251	3536	3558	2948	3591	3365	3352	3664	3822
lp_2253	15007	16580	15180	12134	16762	15028	17177	15048
lp_2254	168	189	191	191	177	176	251	248
lp_2255	678	778	760	935	687	854	1060	1147
lp_2256	11858	12044	7565	7960	11748	12385	8069	8169
lp_2258	5993	7863	7684	9186	5386	7389	10106	9534
lp_2259	911	781	632	693	727	811	581	808
lp_2260	3204	2908	3247	4160	3122	3588	4140	5085
lp_2261	1806	1679	1953	2348	1948	1936	2122	2449
lp_2262	804	969	750	824	946	1068	1112	1107
lp_2263	12777	12596	11060	12354	14903	17701	18032	19690
lp_2264	7491	7243	6463	7637	9622	10330	10640	11717
lp_2265	1193	1020	892	1068	1455	1231	1046	1107
lp_2266	746	616	481	686	651	657	506	831
lp_2267	512	488	376	454	616	599	508	775
lp_2268	515	548	373	461	608	696	522	783
lp_2269	1614	1957	1472	1263	1814	2137	1392	1417
lp_2270	4954	6002	4836	3623	4438	4112	4229	3502
lp_2271	7374	7408	5550	6206	5536	6714	6223	6621
lp_2272	1048	1028	798	908	1091	1242	1178	1226
lp_2273	2226	1679	1438	1751	1875	1349	1482	1694
lp_2274	4066	3525	2281	3649	2850	2968	2589	3727
lp_2275	1891	1765	1041	1556	1331	1254	1080	1549
lp_2277	18668	21513	16266	18771	16388	20852	19883	20152
lp_2278	5469	5489	4740	4880	4956	5988	4561	5157
lp_2279	3424	3403	3204	3122	3454	3684	3321	3245
lp_2280	365	334	198	368	435	592	347	455
lp_2281	3698	3901	3376	2954	4248	3744	4835	4195
lp_2282	3312	2912	2469	2554	3435	3012	2904	3296
lp_2285	3663	3596	2825	3059	3496	3217	3606	3373
lp_2286	3136	2718	2008	2372	2903	3197	2283	2599
lp_2287	1494	1430	943	1393	1220	1652	994	1218
lp_2289	2770	3322	1651	1686	2551	3480	2091	1920
lp_2292	218	180	160	186	159	204	220	241
lp_2297	4118	4125	3865	3913	3568	4021	3951	4175
lp_2298	5072	5090	4708	5574	4189	4918	4605	5507
lp_2299	1647	1498	1326	1740	1434	1713	1451	1959
lp_2300	19779	23217	18467	16033	20424	21335	18614	17800
lp_2301	11392	12711	10066	11497	11885	14044	16012	16772
lp_2302	3474	3528	3293	4156	5006	5933	6713	7696
lp_2303	4787	5067	3602	2838	5907	5453	3565	3444
lp_2304	8550	9468	6342	5263	11990	11829	8640	8586
lp_2305	4588	4644	3712	3846	5305	5934	5096	5384
lp_2306	3009	2905	2389	2782	3364	3773	3714	3656
lp_2308	1104	1387	1389	1230	1123	1306	1236	1177
lp_2312	2145	2296	1315	1414	2452	2545	1458	1467
lp_2313	932	886	569	574	1214	1105	672	709
lp_2314	593	624	416	383	801	888	476	558
lp_2315	11885	12786	7761	7266	10837	11784	6459	6957
lp_2316	9227	9626	5817	5498	7656	9233	4496	5539
lp_2317	3943	3429	2672	2125	4679	3319	1990	2143
lp_2318	6608	5837	4244	3606	6405	5579	3459	3692
lp_2319	18487	16906	11121	11484	18166	18187	10531	12276
lp_2320	809	757	394	424	707	771	313	400
lp_2321	1225	1037	614	731	1263	1519	669	915
lp_2322	14954	14495	11735	14489	22768	26082	29190	27571
lp_2323	1936	2279	2440	3069	1979	2018	3922	4093
lp_2325	4242	4508	3144	3460	5239	5940	5298	5275
lp_2326	2373	2161	1717	1874	3076	2926	2676	2935
lp_2328	6911	8380	6970	7906	6664	7307	9267	10059
lp_2330	746	880	996	1166	852	1050	1497	1268
lp_2331	25461	25449	21170	13528	28469	20473	18510	13349
lp_2333	1149	1262	811	782	1556	1670	1169	1041
lp_2334	788	638	506	619	356	354	414	451
lp_2335	424	301	231	263	161	202	183	228
lp_2336	1876	1887	1307	1737	1932	2439	1906	2314
lp_2337	1488	1744	1554	1845	1254	1748	2190	1954
lp_2339	718	693	885	817	743	641	848	722
lp_2340	4380	4607	6885	8579	4099	4082	8591	9608
lp_2341	3941	3485	1224	1272	3077	4200	1097	1319
lp_2344	1589	1463	1133	1101	1783	1836	1161	1220
lp_2345	18425	21436	15197	16023	19492	20240	20091	17727
lp_2346	6755	6317	5668	7033	5023	6365	4064	5766
lp_2347	5292	4848	4510	5608	3731	4176	2911	4096
lp_2349	10151	10878	14490	17278	8262	9662	14124	15527
lp_2350	5782	5855	3900	4232	7778	7186	5137	5666
lp_2351	2528	2295	1602	1864	2870	3231	1986	2565
lp_2352	2118	1864	1438	1549	2911	2424	1744	1972
lp_2353	2019	1621	1573	1187	2432	1478	1308	1255
lp_2354	4279	3267	2731	2596	4546	3694	2625	3176
lp_2357	1234	1232	817	903	1222	1372	875	1018
lp_2358	2816	2777	1964	2079	2932	3390	2047	2448
lp_2359	7660	6969	5765	5983	9138	8679	6900	7432
lp_2360	707	654	626	656	635	579	737	693
lp_2361	3815	3807	3569	4411	3686	4060	4142	5124
lp_2363	16908	18759	12818	11750	16904	16749	14371	11781
lp_2364	80803	87623	58987	56450	78369	83364	63399	57167
lp_2365	54965	54731	39256	38842	53445	52958	38958	36093
lp_2366	71227	76051	49928	52135	68537	74679	56079	54078
lp_2367	25812	23283	18813	15865	26868	20811	17312	15599
lp_2368	23805	24812	16451	16404	22556	23507	17548	17320
lp_2369	5910	4649	4363	3177	7996	3717	3254	2889
lp_2370	30793	28999	22071	19159	36424	25722	20536	19172
lp_2371	565	593	7919	12353	652	690	19051	17206
lp_2374	7714	6168	4986	6630	7827	8448	6400	9012
lp_2375	6164	5135	3885	5538	5116	5347	4384	6561
lp_2376	2089	1847	1409	1775	2025	2270	1504	1776
lp_2377	1520	1607	1353	1380	1681	1872	1461	1644
lp_2378	6102	5993	4528	5218	5313	6234	5711	6533
lp_2379	1811	1668	1223	1372	1505	1525	1523	1531
lp_2380	7824	9534	7857	8837	6581	9539	8026	7716
lp_2382	3469	4359	3499	3779	3134	4373	3645	3664
lp_2384	3399	3989	13107	14810	3531	4377	18263	19145
lp_2385	586	576	542	455	683	727	711	617
lp_2388	70	58	38	66	100	82	64	88
lp_2390	464	531	885	990	364	434	980	914
lp_2391	1858	2288	1891	2046	1657	1544	2277	1779
lp_2393	1009	805	461	557	948	1021	569	521
lp_2394	1222	1095	736	711	1204	1222	712	715
lp_2395	781	671	444	458	657	816	419	490
lp_2396	164	110	35	53	46	52	18	38
lp_2397	1690	1874	1884	2109	1875	2689	2907	2726
lp_2425	11	18	11	9	44	56	37	57
lp_2457	47	69	44	44	79	52	57	81
lp_2482	3190	3896	3847	4147	2857	3056	3793	3668
lp_2483	1812	2419	2231	2415	1525	1893	2489	2349
lp_2484	17	25	14	10	37	33	32	18
lp_2485	74	80	47	56	152	169	83	92
lp_2486	270	312	194	251	567	732	275	206
lp_2488	7	7	13	12	64	61	18	26
lp_2488a	8	2	4	0	67	28	4	7
lp_2488h	0	0	0	0	3	0	0	2
lp_2499	24	27	13	26	33	24	19	40
lp_2502	47242	56395	42992	43924	57769	56783	67683	59556
lp_2503	3950	4008	1644	1184	3708	3400	991	1098
lp_2504	3788	3882	2771	2956	3449	3366	3243	3151
lp_2505	2617	2855	2094	2312	2604	2892	2787	3152
lp_2506	1695	1903	1412	1808	1654	2185	1844	2192
lp_2507	2814	3109	2839	3822	2740	3362	4480	5330
lp_2508	681	654	609	803	598	601	789	912
lp_2509	2683	3112	684	589	1472	1888	415	427
lp_2512	196	163	197	208	248	217	222	267
lp_2513	107	87	50	89	177	189	124	142
lp_2514	139	100	42	62	182	172	66	105
lp_2515	861	941	1136	1267	435	501	789	689
lp_2516	1583	1332	1463	912	1656	833	729	532
lp_2519	1007	1024	808	860	1231	1342	1103	1262
lp_2520	648	721	590	591	568	542	519	522
lp_2521	329	407	443	572	247	334	461	421
lp_2522	9	11	6	4	9	8	8	3
lp_2523	4	6	4	3	13	11	12	5
lp_2524	1348	1480	1405	1248	657	675	683	644
lp_2525	4713	4748	1790	2133	3866	4582	2149	2531
lp_2526	3855	4161	2430	2232	3300	3415	2493	2310
lp_2529	85	72	34	47	54	82	54	79
lp_2532	781	832	608	659	797	1016	657	741
lp_2534	1715	1438	1072	1468	1923	2006	1804	2189
lp_2535	51	62	34	60	35	45	54	35
lp_2536	51	73	46	66	18	50	25	50
lp_2537	7	14	16	27	4	6	8	12
lp_2541	758	762	605	567	537	534	389	432
lp_2542	810	754	494	437	443	453	334	325
lp_2543	1259	1436	727	687	804	948	520	524
lp_2544	4946	6996	34111	35896	5050	6616	48568	44678
lp_2548	441	380	234	400	324	367	270	381
lp_2550	57	40	46	94	64	52	42	47
lp_2551	23	22	32	33	10	32	32	32
lp_2552	7	2	9	9	1	14	15	11
lp_2553	7	15	0	7	6	0	0	6
lp_2554	7	18	5	15	7	6	6	18
lp_2556	5	4	6	12	1	5	4	13
lp_2557	2	4	8	8	2	5	3	14
lp_2558	2	8	11	11	9	5	4	9
lp_2559	10	12	8	6	14	7	6	4
lp_2560	6	4	2	4	1	6	0	0
lp_2561	2	11	8	10	8	4	4	4
lp_2563	186	224	277	372	135	130	300	229
lp_2564	449	442	444	385	102	116	130	115
lp_2565	2998	3552	2513	2426	2833	3622	3208	3184
lp_2566	1639	1950	1284	1285	1454	1982	1922	1820
lp_2572	70	104	282	324	84	116	448	415
lp_2573	581	617	282	279	288	418	104	154
lp_2574	984	865	411	464	499	500	190	247
lp_2575	246	304	271	304	248	412	307	352
lp_2578	290	343	152	248	610	742	325	364
lp_2579	308	270	152	212	257	360	174	245
lp_2582	1280	1428	1432	1529	1307	1501	1862	1740
lp_2585	1134	998	1026	1283	1327	1470	1630	1882
lp_2586	45	92	85	114	96	130	113	137
lp_2589	1141	1510	1548	1770	1163	1235	1876	1746
lp_2590	781	1023	1084	1266	748	931	1270	1279
lp_2591	5442	6717	11804	15189	3910	6030	11637	12444
lp_2593	1415	1692	1559	1638	1089	1543	1481	1610
lp_2601	488	574	807	785	202	180	656	722
lp_2602	684	892	994	1238	304	400	1097	1157
lp_2603	737	895	682	750	672	901	1031	1056
lp_2604	270	240	260	282	398	359	294	365
lp_2606	236	233	263	251	342	424	279	350
lp_2608	1016	1315	1182	1107	985	1205	1295	1170
lp_2612	2568	3426	3692	4428	2011	2513	5076	4471
lp_2613	559	596	466	451	868	796	452	470
lp_2614	810	900	599	730	1478	1478	725	775
lp_2615	485	473	346	445	722	716	405	441
lp_2616	193	208	391	367	175	240	670	683
lp_2620	184	210	154	187	233	283	280	269
lp_2621	1542	2062	2212	2435	1245	2146	2637	2666
lp_2622	713	940	1019	956	651	815	1203	1011
lp_2623	1690	2128	2167	2586	1405	2208	2920	2681
lp_2624	31	21	24	42	16	15	49	50
lp_2625	41	24	22	44	22	10	21	29
lp_2629	21821	24409	43114	45356	547	575	9543	7471
lp_2630	2	3	6	6	0	0	4	2
lp_2631	9878	11638	7447	7380	7135	8223	4958	5038
lp_2633	180	203	193	173	196	178	304	254
lp_2634	105	128	130	155	84	166	145	179
lp_2635	254	278	354	350	260	196	380	457
lp_2636	3706	4456	2993	3660	3727	4477	3918	4045
lp_2638	74	86	24	9	68	30	12	8
lp_2641	696	645	724	672	578	479	713	868
lp_2642	1447	1472	1435	2034	1234	1525	1790	2492
lp_2643	1414	1321	2037	2226	1428	1356	2276	2760
lp_2645	45528	53117	41754	45389	21400	26969	26893	27472
lp_2652	4614	5394	5071	4893	3784	3336	5392	4103
lp_2653	1455	1884	1167	1470	1204	1771	2041	1536
lp_2654	721	946	549	583	827	1090	1140	966
lp_2658	3308	4061	2466	2990	1465	2059	1224	1313
lp_2660	1941	1946	3691	4144	1705	1877	4123	4335
lp_2661	1435	1495	2862	3520	1348	1438	2791	3393
lp_2662	574	752	768	812	454	573	737	787
lp_2663	1129	1446	1499	1530	817	1287	1380	1385
lp_2664	5654	4942	3095	4703	4702	5207	4326	4940
lp_2665	5470	4132	2706	4094	5342	5551	3918	5648
lp_2666	1831	1964	2176	2641	1750	1887	2164	2087
lp_2667	1694	1976	1576	1421	3410	3671	3619	3153
lp_2668	2109	2302	3463	3945	1479	1802	3304	3803
lp_2669	2689	3087	4384	4583	2219	2307	3894	4177
lp_2671	8924	9926	8097	7272	9803	10503	8191	7913
lp_2673	3895	4597	4118	3881	3520	3274	4950	3985
lp_2674	276	244	203	265	285	245	192	286
lp_2675	931	972	740	799	998	1028	1017	958
lp_2676	113	120	120	184	130	179	185	246
lp_2677	200	263	300	401	226	332	457	459
lp_2680	1281	1589	1435	1470	1337	1709	1578	1471
lp_2681	9933	12740	11197	10919	10524	11779	14145	12183
lp_2683	727	823	715	834	455	554	629	679
lp_2684	230	270	942	1164	173	334	16864	17854
lp_2685	291	281	880	1197	224	415	19049	21119
lp_2688	42	40	24	19	86	105	34	79
lp_2689	250	409	274	230	236	401	193	206
lp_2690	1250	1572	1368	1268	1052	1095	1704	1461
lp_2691	522	656	496	597	470	658	648	672
lp_2693	4562	4753	3651	4253	3292	3945	3638	4762
lp_2694	2204	2251	1948	2520	1774	2107	2572	3454
lp_2696	248	280	601	1355	205	229	3336	5031
lp_2697	259	327	3430	10512	284	482	41765	52383
lp_2698	327	427	5173	16998	437	647	55278	68588
lp_2699	222	319	4983	15131	393	539	47654	56857
lp_2701	313	251	19952	41688	459	707	58976	74923
lp_2702	213	253	20303	37625	375	508	58316	60541
lp_2703	63	125	13502	24586	233	352	35043	33480
lp_2704	863	853	6760	8636	1264	1310	12522	10382
lp_2708	90	98	239	322	57	110	125	123
lp_2710	2295	1856	772	515	3059	2840	350	625
lp_2712	3829	4328	3013	2502	4365	4596	3043	2647
lp_2713	1209	1284	1364	1394	1345	1380	1773	1636
lp_2714	500	677	496	349	881	1037	741	814
lp_2715	444	484	428	305	763	998	576	708
lp_2718	228	247	103	92	256	336	136	266
lp_2719	674	750	490	518	718	929	576	458
lp_2720	825	984	614	592	843	1200	511	588
lp_2721	414	499	253	348	383	578	218	232
lp_2722	421	442	276	331	468	610	281	312
lp_2723	616	691	387	499	729	966	409	538
lp_2724	610	606	378	405	650	992	465	532
lp_2725	227	181	124	174	231	257	100	194
lp_2726	85	84	36	64	100	108	59	57
lp_2727	262	251	171	174	276	323	149	238
lp_2728	387	442	250	253	404	652	285	379
lp_2729	148	179	89	70	163	177	84	116
lp_2732	1195	1122	3421	4357	943	1208	2899	3320
lp_2733	927	918	1892	2839	655	889	1414	1969
lp_2734	1116	1044	940	1221	989	1172	938	1101
lp_2735	606	592	569	626	561	619	621	702
lp_2736	2631	3434	3294	4205	2227	3586	3376	3522
lp_2737	3635	4928	4424	4929	2733	4384	4269	4652
lp_2738	4337	4859	3672	4020	3576	4485	4824	4865
lp_2739	1514	1505	304	390	1311	1946	1099	1202
lp_2740	1585	1447	660	649	2360	3077	1996	2087
lp_2741	642	787	510	473	631	1049	610	581
lp_2742	972	965	788	595	878	967	750	639
lp_2743	3105	3334	2269	2315	2967	3958	2763	2755
lp_2744	1985	2007	1376	1231	1919	2332	1543	1476
lp_2745	1006	921	1072	1770	946	903	1363	2432
lp_2747	334	336	380	290	612	268	504	349
lp_2748	42	44	56	47	39	32	50	28
lp_2749	83	107	122	157	12	26	8	14
lp_2751	877	988	719	754	891	922	601	560
lp_2753	14844	16532	13264	14655	16240	18346	13668	13879
lp_2754	2071	2274	1710	1820	1985	2124	2731	2508
lp_2755	3308	3798	5852	4716	3362	2567	5223	4413
lp_2757	158	191	2531	2807	313	365	4181	4598
lp_2758	3354	3522	3879	4689	2565	3987	5069	5043
lp_2759	2596	3081	3013	3659	2251	3523	5109	5048
lp_2760	883	1058	1055	1201	936	1421	1702	1686
lp_2761	1705	1864	2214	2461	1392	1712	2671	3001
lp_2762	1966	2010	2306	2834	1473	1913	3063	3483
lp_2763	921	1007	1285	1498	886	1066	1771	1930
lp_2764	1664	1961	2092	3199	1551	2391	3018	3943
lp_2765	731	681	843	1128	634	591	1067	1224
lp_2766	715	987	2820	3043	759	940	3454	3125
lp_2767	693	1012	2850	2997	681	979	3688	3479
lp_2770	859	930	560	649	771	915	591	686
lp_2772	527	502	469	496	610	675	708	717
lp_2773	276	304	354	424	214	232	300	317
lp_2774	120	101	114	200	54	59	106	104
lp_2776	1693	1954	571	649	2842	4174	495	554
lp_2780	385	566	5389	6186	458	555	6591	6915
lp_2781	637	817	6606	7800	832	1018	7801	8483
lp_2782	84	91	605	338	112	70	367	270
lp_2783	4102	5002	3640	3503	3358	4577	4019	3520
lp_2785	610	721	536	594	571	869	769	890
lp_2786	2365	2608	1534	1415	1631	1951	1019	957
lp_2787	159	192	1242	1290	127	147	1195	1168
lp_2788	2	12	21	40	6	8	18	17
lp_2789	960	1157	776	930	879	1190	1272	1105
lp_2790	1303	1596	1923	2270	1414	1633	2689	2572
lp_2792	118	127	78	64	127	95	46	95
lp_2793	13930	15942	12901	15114	11327	15004	14928	14749
lp_2794	879	979	898	787	804	731	1036	757
lp_2795	667	539	537	778	124	160	75	92
lp_2797	156	115	106	220	127	180	125	253
lp_2798	274	246	321	542	260	243	350	504
lp_2799	2447	2735	6987	7281	3275	3838	9783	9393
lp_2800	524	570	1156	1143	521	773	1546	1396
lp_2802	110	128	104	112	176	181	210	250
lp_2803	81	84	54	106	92	99	143	151
lp_2804	234	340	434	565	127	179	283	232
lp_2806	91	38	30	41	62	40	46	71
lp_2807	3301	2425	1891	3125	2750	2867	2546	3556
lp_2809	743	549	400	709	710	946	945	1584
lp_2810	419	294	217	404	443	458	468	740
lp_2812	1958	2150	1160	1074	1931	2039	1497	1306
lp_2813	125	139	783	781	105	149	697	850
lp_2816	141	134	68	83	114	128	98	91
lp_2817	268	164	98	95	178	224	84	113
lp_2818	1195	1306	1210	1140	1880	1831	1301	1519
lp_2820	1067	1041	1236	1379	1364	1500	2241	2564
lp_2822	325	421	316	267	321	389	177	151
lp_2823	320	400	275	236	318	566	169	198
lp_2824	3383	3971	3197	3536	5141	5374	6657	6145
lp_2825	4147	5168	4191	4877	7006	8149	9469	9576
lp_2826	3250	3998	2496	2936	2204	3278	2730	2658
lp_2827	1201	1293	805	980	1233	1449	971	1023
lp_2829	1313	1608	3244	2828	1212	1529	3288	3151
lp_2830	3104	3651	633	592	2087	2733	433	412
lp_2833	153	142	200	211	205	181	204	228
lp_2835	149	162	188	250	187	147	258	266
lp_2836	404	470	298	275	396	502	330	338
lp_2839	225	303	197	154	210	295	170	221
lp_2840	32	32	26	34	33	34	21	32
lp_2841	154	190	123	209	147	193	193	254
lp_2842	188	195	188	170	146	273	156	211
lp_2843	2866	3327	2402	2448	1614	1880	1191	1103
lp_2844	1383	1337	959	1153	955	1126	533	576
lp_2848	414	521	467	488	265	544	299	474
lp_2849	1558	1817	1509	1584	1312	1663	1501	1600
lp_2850	2774	2923	2321	2499	2085	2880	2621	2593
lp_2851	22	28	45	20	23	32	57	63
lp_2852	14	14	25	18	17	9	21	36
lp_2853	4	0	6	4	2	5	7	5
lp_2854	207	226	249	309	172	215	341	287
lp_2855	85	100	173	215	147	276	310	308
lp_2856	447	384	1008	1161	536	736	1586	1728
lp_2857	84	77	222	305	176	203	497	501
lp_2860	1106	1200	1105	1268	809	826	1299	1241
lp_2861	271	265	125	125	195	236	78	139
lp_2862	1421	1237	962	1140	1339	1485	965	1069
lp_2864	2089	2045	1267	1261	1974	1952	1102	1423
lp_2865	2590	2686	1533	1805	2336	3086	1482	2174
lp_2866	1561	1460	993	1050	1364	1192	780	788
lp_2867	1929	1647	1227	1191	1782	2025	1142	1357
lp_2868	1715	1643	962	1012	1604	1748	991	1026
lp_2870	276	249	284	349	310	336	346	403
lp_2871	313	220	356	419	353	346	448	518
lp_2872	187	165	153	209	84	65	69	102
lp_2873	456	467	366	480	158	254	205	292
lp_2874	284	264	314	346	145	150	142	167
lp_2877	1309	1475	1379	1394	1158	1171	1376	1490
lp_2878	2151	2497	1723	1950	2013	2355	2177	2552
lp_2879	735	1069	666	743	495	775	688	618
lp_2885	196	160	71	36	74	17	19	15
lp_2887	1073	1157	1486	1532	816	777	1056	1183
lp_2889	137	150	141	136	203	204	320	384
lp_2890	87	90	78	135	188	207	275	357
lp_2893	485	518	396	456	445	533	301	351
lp_2894	405	394	318	393	341	472	409	445
lp_2897	688	823	692	667	770	873	697	696
lp_2901	920	873	873	919	1058	1056	931	1221
lp_2903	511	461	303	341	377	428	254	324
lp_2906	936	837	552	814	1247	1262	873	1302
lp_2907	197	171	132	197	168	183	172	276
lp_2909	639	718	615	498	573	717	665	655
lp_2911	1694	1538	938	1113	782	920	687	779
lp_2912	7700	7810	3791	4149	6888	7659	4081	4578
lp_2913	2015	1915	3062	3898	1373	1675	2990	3880
lp_2914	1905	1566	1530	2424	1167	1439	1312	2453
lp_2915	644	913	964	1178	552	941	1345	1429
lp_2917	56	66	20	36	17	12	14	18
lp_2918	921	1072	838	1045	773	1343	875	1000
lp_2921	222	209	255	222	184	163	233	263
lp_2922	330	389	426	503	258	344	476	519
lp_2923	346	473	318	450	68	98	103	101
lp_2924	280	232	104	181	158	174	140	151
lp_2925	422	343	306	603	371	477	486	784
lp_2926	317	360	323	338	165	208	329	315
lp_2927	81	96	78	93	74	78	57	75
lp_2930	185	141	258	291	294	247	344	285
lp_2931	894	856	903	1194	1310	1645	2497	3386
lp_2932	2595	2225	2532	3508	3375	4443	7953	9708
lp_2934	1970	2446	1095	1352	2155	2910	1502	1447
lp_2935	1272	1487	1118	1173	1266	1783	1105	1138
lp_2936	1981	2473	1972	1999	1974	2566	2275	2081
lp_2937	2639	2844	1682	1694	2359	2868	1926	1637
lp_2940	461	573	221	329	686	961	530	535
lp_2942	774	1226	949	1118	704	1414	1427	1310
lp_2943	96	135	185	167	96	64	130	131
lp_2945	368	449	605	672	344	415	726	690
lp_2948	113	149	152	230	49	86	499	547
lp_2949	66	82	98	110	64	59	284	221
lp_2952	333	322	265	250	308	266	281	285
lp_2953	128	100	108	163	112	164	216	198
lp_2954	85	98	53	39	46	76	21	32
lp_2956	367	464	596	804	538	670	1294	1388
lp_2959	174	136	84	167	92	114	106	148
lp_2960	3242	3321	2452	2747	3206	3416	3546	3153
lp_2961	78	95	111	147	70	92	154	147
lp_2963	450	564	557	506	173	341	351	322
lp_2964	105	97	102	114	104	70	42	44
lp_2965	156	138	55	108	62	87	74	97
lp_2966	752	924	922	968	562	643	634	735
lp_2967	286	298	304	288	240	217	175	265
lp_2968	239	299	581	555	397	365	846	818
lp_2972	107	101	49	50	80	114	59	72
lp_2973	83	86	43	49	68	87	54	57
lp_2974	29	27	4	8	14	13	14	6
lp_2975	212	222	99	150	240	291	150	176
lp_2976	12	14	1	6	35	32	8	17
lp_2977	32	19	7	13	35	51	12	26
lp_2979	37	26	16	19	14	11	6	14
lp_2981	27	23	19	21	8	10	14	21
lp_2982	28	30	23	31	6	21	11	18
lp_2983	21	24	10	20	6	17	12	9
lp_2984	5	6	2	3	4	4	2	6
lp_2985	16	5	0	18	2	15	1	0
lp_2987	2497	3080	3585	2749	2971	2158	3222	2465
lp_2988	1686	1558	671	495	1947	2037	628	746
lp_2989	253	234	222	209	270	237	184	249
lp_2991	141	146	79	97	215	225	221	281
lp_2995	402	291	230	278	265	215	166	249
lp_2996	267	202	120	228	284	229	142	246
lp_2998	378	326	141	298	203	198	106	222
lp_3001	213	278	154	159	139	188	91	91
lp_3002	291	370	268	319	318	299	421	411
lp_3003	717	834	703	1042	608	841	1023	1135
lp_3004	29	21	28	37	102	121	171	156
lp_3006	1603	2121	2836	3773	2193	3690	4739	5191
lp_3008	48	40	27	25	68	85	701	724
lp_3009	16	10	191	183	15	12	191	239
lp_3010	8	10	328	243	30	16	506	514
lp_3011	22	28	206	238	26	34	505	602
lp_3012	48	67	66	65	87	62	83	54
lp_3013	299	311	375	280	308	253	356	330
lp_3014	715	568	636	642	1391	1448	1327	1641
lp_3015	4049	4194	931	1094	3254	5328	1714	1953
lp_3016	132	118	87	80	40	71	77	63
lp_3017	109	109	120	112	183	291	296	219
lp_3018	108	123	93	128	53	101	108	57
lp_3019	164	204	198	115	264	301	235	198
lp_3020	49	39	35	17	13	19	25	12
lp_3021	372	413	250	262	287	356	339	341
lp_3022	145	121	104	115	305	383	235	282
lp_3023	359	415	302	328	1099	1365	1042	996
lp_3038	1894	1845	1528	1705	1964	2353	1808	2100
lp_3040	3184	3240	3122	3763	3301	3977	3792	4399
lp_3042	1370	1445	1729	1805	1392	1544	1820	1866
lp_3044	1813	2307	2655	2835	1415	1943	2663	2414
lp_3045	1923	2617	3076	3418	2291	3028	3510	3308
lp_3047	123	108	140	184	84	92	186	253
lp_3048	83	60	97	150	44	78	258	230
lp_3049	4247	4693	6988	7330	6255	6850	13013	13791
lp_3050	16	28	10	16	20	24	22	30
lp_3055	70	66	275	299	91	149	370	397
lp_3057	11	13	38	46	14	17	42	64
lp_3058	13	5	21	38	14	8	20	23
lp_3059	4393	4452	3768	4134	5151	6574	3861	4066
lp_3060	744	797	807	757	953	839	742	653
lp_3062	599	586	556	540	537	598	482	560
lp_3063	763	644	572	513	699	510	438	404
lp_3064	60	34	35	26	28	38	28	54
lp_3065	12	2	5	9	6	6	0	9
lp_3066	22	18	10	29	5	18	10	9
lp_3067	23	2	11	8	5	21	8	6
lp_3069	470	490	408	377	517	516	586	585
lp_3070	270	284	213	242	219	222	271	252
lp_3071	277	256	308	296	245	259	352	315
lp_3072	159	146	25	46	188	214	81	62
lp_3073	70	104	14	19	122	154	58	71
lp_3074	12	6	3	5	37	37	18	10
lp_3075	378	379	126	138	438	569	204	207
lp_3077	2545	2537	2429	2750	3693	4765	1770	2230
lp_3078	102	105	826	926	58	72	500	581
lp_3081	364	299	165	219	78	74	46	73
lp_3082	174	172	129	94	72	89	56	42
lp_3084	337	340	290	364	769	832	1014	1117
lp_3087	301	233	185	180	219	196	124	118
lp_3088	404	360	257	317	259	313	164	190
lp_3090	836	803	731	835	549	650	537	713
lp_3091	298	296	509	471	95	90	248	235
lp_3092	1062	1213	4378	4885	1054	1466	5752	5750
lp_3093	344	382	307	342	320	395	504	414
lp_3094	193	233	201	197	123	133	124	115
lp_3095	719	814	592	749	592	695	739	752
lp_3096	47	50	49	33	46	61	34	31
lp_3097	147	156	171	161	185	132	191	195
lp_3098	64	69	63	64	122	182	224	158
lp_3099	70	56	47	77	66	53	100	70
lp_3100	688	722	557	554	541	712	617	692
lp_3117	86	99	245	261	78	85	283	241
lp_3119	173	255	300	401	176	272	353	264
lp_3120	512	677	735	858	436	673	1042	839
lp_3122	349	300	246	198	285	246	186	168
lp_3123	1183	1343	1351	1191	1037	1135	1339	1229
lp_3124	42	74	356	358	61	55	296	292
lp_3125	107	132	114	181	121	162	191	206
lp_3127	32	56	16	57	36	76	70	56
lp_3134	1533	1642	689	415	2958	3358	538	439
lp_3139	247	284	259	286	364	402	244	231
lp_3141	50	33	27	19	26	2	10	5
lp_3142	296	260	318	352	346	321	471	478
lp_3143	186	181	134	99	180	144	126	101
lp_3150	56	56	96	118	307	336	456	501
lp_3155	91	85	102	117	108	197	314	264
lp_3169	4015	4132	1497	1810	2974	3019	1569	1847
lp_3170	46435	52249	44421	31001	45839	34346	44572	33409
lp_3171	489	404	455	468	386	337	368	345
lp_3172	183	156	200	282	183	193	150	186
lp_3174	6548	8500	3795	3650	4366	5237	3083	2812
lp_3175	444	510	176	176	521	549	182	264
lp_3176	1788	2071	1625	1914	1941	2510	2320	2324
lp_3177	55	81	122	136	15	42	27	27
lp_3178	110	130	178	201	32	51	32	30
lp_3179	538	599	505	629	210	197	281	285
lp_3183	447	395	223	285	376	364	436	459
lp_3184	1370	1373	1022	989	1399	1237	1352	1259
lp_3185	5311	5160	4052	4092	6007	5824	5820	5870
lp_3187	167	140	98	88	178	102	102	94
lp_3189	10444	12140	7167	6881	12062	13587	7725	7800
lp_3190	5061	4944	2381	2156	6757	6072	1978	2529
lp_3191	5759	5955	2876	2623	6534	7107	2470	3224
lp_3192	317	283	172	242	232	279	184	250
lp_3193	9586	10096	4008	4891	7377	7478	4970	5941
lp_3194	9606	10110	10238	13182	8529	9043	17943	17022
lp_3195	4221	4323	3459	3589	3828	4046	3831	3901
lp_3196	7425	7451	5732	6540	7406	8333	6955	7900
lp_3197	640	544	607	495	948	514	465	492
lp_3198	2700	2612	2122	2334	2878	3006	2366	2940
lp_3199	2177	2012	1756	1855	2246	2072	2032	2103
lp_3200	2268	2402	1922	2087	2464	3226	2866	3223
lp_3201	2106	2230	1904	1849	1962	2193	2321	2071
lp_3204	4262	5338	4306	4793	7050	6965	13658	11772
lp_3205	866	1054	778	951	1069	1835	1369	1543
lp_3206	639	592	521	521	572	469	396	340
lp_3207	2943	3310	2227	2453	1465	2350	1528	1592
lp_3209	6271	6960	4025	3902	5042	5855	4402	3947
lp_3210	1943	2312	1464	1648	1198	1794	1271	1347
lp_3211	2239	2361	1589	1515	1460	1779	1369	1305
lp_3214	201	231	307	357	52	78	109	119
lp_3215	14	49	16	14	26	12	11	18
lp_3216	168	146	134	175	84	153	112	108
lp_3217	297	303	270	347	254	268	226	243
lp_3218	745	761	738	887	469	692	765	617
lp_3220	15	15	29	28	108	99	143	153
lp_3221	1004	1120	816	969	460	435	346	395
lp_3223	1081	947	1065	1202	1273	1222	1451	1430
lp_3224	312	327	571	800	203	224	449	446
lp_3225	204	255	348	578	106	117	211	233
lp_3226	5507	6694	5382	5981	4151	6270	6148	5912
lp_3227	2030	2175	1926	1855	1852	2304	2300	2172
lp_3236	625	715	2018	2202	421	501	404	401
lp_3237	931	875	855	966	316	220	241	254
lp_3238	2048	2256	1368	2199	1681	2213	1490	2053
lp_3239	136	156	217	217	234	224	346	335
lp_3241	83	87	249	308	106	143	373	375
lp_3243	268	244	750	761	243	133	760	775
lp_3245	13198	14680	6901	5323	13489	16450	5312	5667
lp_3246	2153	2240	816	921	1081	1203	1033	1169
lp_3247	1170	1040	1405	1670	795	774	781	865
lp_3248	3628	3435	566	658	14720	12445	23935	22933
lp_3250	116	137	1152	1232	100	136	1099	1067
lp_3251	73	74	36	33	55	74	30	55
lp_3252	738	944	834	901	618	716	1215	1231
lp_3254	214	192	89	62	250	218	27	53
lp_3255	282	433	157	102	538	396	116	105
lp_3256	4184	7521	10218	10645	14953	13515	11047	9298
lp_3257	80	80	48	60	104	94	48	96
lp_3259	1033	1209	1351	1531	1530	1816	2576	2040
lp_3262	964	1560	1878	2203	1320	1946	1966	2159
lp_3263	674	1150	1243	1475	851	1756	1340	1546
lp_3265	1127	1486	1169	1308	924	1332	1213	1188
lp_3266	981	1206	1191	1424	1079	1328	1709	1671
lp_3267	3557	5142	5006	6776	2952	5117	7318	7218
lp_3268	58	84	99	83	82	156	106	110
lp_3269	2602	2275	1581	1376	2442	2439	1431	1864
lp_3270	1352	1138	944	789	1249	1191	633	899
lp_3271	736	761	713	664	813	1069	482	596
lp_3272	130	106	1043	1009	92	95	1068	916
lp_3273	1267	1369	1283	1033	1783	1460	1421	1302
lp_3278	46	74	79	67	32	35	40	57
lp_3280	214	118	64	73	162	149	47	93
lp_3281	1114	911	595	661	1055	785	397	485
lp_3283	637	728	826	848	141	191	233	194
lp_3284	320	244	168	176	182	179	78	94
lp_3285	210	150	110	109	103	137	39	81
lp_3286	348	307	174	146	321	250	150	171
lp_3287	259	265	221	179	270	193	243	229
lp_3288	909	985	1383	1173	938	1113	1534	1268
lp_3292	1290	1199	713	413	1348	1384	997	903
lp_3293	1803	2058	1547	1954	1701	2528	2040	2770
lp_3294	3155	3476	2651	3354	3055	4103	3351	4429
lp_3295	1393	1356	1217	1424	1347	1844	1716	1941
lp_3296	2988	3176	2804	3601	2819	3964	4064	4596
lp_3297	1093	1174	1091	1387	1037	1463	1427	1673
lp_3298	876	904	779	1222	888	1154	1058	1325
lp_3299	520	467	417	564	473	539	524	616
lp_3301	653	479	250	179	617	395	159	128
lp_3302	1015	1264	1244	1419	822	1370	1407	1382
lp_3310	1032	889	704	606	1187	925	727	617
lp_3312	2988	2413	2807	3053	1898	1787	2281	2494
lp_3313	1079	1112	13233	13079	1237	1297	17025	16715
lp_3314	544	551	6496	6581	603	641	8465	8861
lp_3316	101	113	665	830	126	131	743	824
lp_3318	916	1234	10081	11433	1149	1494	15919	14874
lp_3319	262	290	323	458	224	262	398	526
lp_3321	172	148	206	236	184	139	134	223
lp_3322	3643	4315	3471	3754	2359	3585	2817	2854
lp_3323	201	180	196	309	230	281	245	410
lp_3324	4904	4983	1841	1845	3278	3132	1149	1364
lp_3330	400	440	325	390	639	911	599	830
lp_3333	40	45	18	32	1330	2646	1401	1432
lp_3334	1017	765	626	910	1246	1539	766	954
lp_3335	327	491	375	457	436	742	748	670
lp_3338	36	36	30	39	119	129	105	151
lp_3341	934	872	416	541	802	920	500	718
lp_3342	549	622	587	636	571	580	887	736
lp_3343	180	229	183	181	109	108	98	118
lp_3344	49	33	32	47	36	34	14	33
lp_3345	132	138	115	149	138	117	171	194
lp_3346	309	286	257	318	249	285	358	341
lp_3349	1572	1576	1394	1500	1263	1484	1442	1546
lp_3350	2684	2197	1872	1443	3208	2051	1251	1466
lp_3351	3841	3878	2482	2193	3646	4039	2157	2941
lp_3352	1350	1281	1541	1324	1369	1341	1338	1613
lp_3353	644	587	686	821	527	505	449	697
lp_3355	647	772	1385	1745	480	694	2038	2069
lp_3356	332	453	175	122	415	536	212	248
lp_3358	2545	2131	1307	1245	2531	2053	1571	1722
lp_3359	136	149	563	944	96	108	322	518
lp_3360	230	182	709	1221	105	113	466	623
lp_3362	2374	2831	2781	3264	2096	3008	3647	3755
lp_3363	449	489	1390	1513	438	578	1655	1748
lp_3365	558	664	703	735	418	455	659	713
lp_3366	1608	1906	1228	1626	1318	1975	1435	1914
lp_3367	463	525	434	457	531	515	540	452
lp_3368	143	154	111	90	386	516	445	455
lp_3371	222	206	248	190	228	225	227	240
lp_3372	648	670	483	651	588	766	650	767
lp_3373	1077	901	643	519	946	879	718	767
lp_3374	1430	1254	641	703	1041	1122	567	677
lp_3392	1173	1620	1415	1617	443	523	697	797
lp_3393	545	630	353	545	1843	2096	1008	1414
lp_3394	111	103	59	124	493	639	244	427
lp_3397	3952	4874	2978	3227	4057	4614	4705	4207
lp_3398	340	471	426	379	573	696	504	493
lp_3400	2623	3320	3231	3806	2500	3988	4515	4434
lp_3402	75	120	103	102	250	277	154	128
lp_3403	3433	4283	4042	4235	3728	4161	6371	5368
lp_3404	558	673	521	492	790	945	980	880
lp_3406	320	355	286	218	599	446	432	443
lp_3407	7597	7625	4475	4376	8085	6999	4733	4656
lp_3408	1256	1162	1078	1377	1076	1229	948	1232
lp_3409	1730	1771	1494	2055	1899	2565	1706	2746
lp_3410	862	718	684	861	652	588	450	720
lp_3411	7417	7753	3506	2655	11432	9237	3434	3404
lp_3412	881	838	597	680	624	650	532	574
lp_3413	187	171	135	123	133	121	109	106
lp_3414	560	605	327	354	534	490	302	290
lp_3415	57	49	23	12	55	33	12	16
lp_3416	3755	2817	3185	2984	3487	1709	2230	1944
lp_3417	505	491	719	777	569	392	818	768
lp_3418	311	375	3589	3584	230	275	2624	2446
lp_3419	489	533	606	501	498	375	520	527
lp_3420	2849	4042	7355	9236	3404	5011	12423	11345
lp_3421	68037	75035	52121	49361	84738	83855	99576	85174
lp_3422	731	861	655	639	674	703	661	668
lp_3423	855	724	646	526	1018	716	569	491
lp_3430	1007	1253	1042	1111	2245	3168	3794	3694
lp_3431	681	821	789	884	664	1131	898	1098
lp_3432	766	1016	869	1006	827	1236	960	1190
lp_3433	674	813	698	850	655	1004	954	1044
lp_3435	64	92	46	75	67	100	88	94
lp_3436	93	95	736	668	836	772	3373	2960
lp_3437	484	519	466	473	527	487	718	564
lp_3438	310	400	350	332	298	325	484	437
lp_3440	68	49	33	80	96	124	87	196
lp_3441	83	123	73	103	55	50	62	46
lp_3442	62	72	38	40	34	44	32	46
lp_3444	158	190	192	249	174	270	252	240
lp_3445	5048	6417	7087	8781	3736	5369	9067	8931
lp_3448	551	735	597	670	545	822	653	700
lp_3449	2362	2827	9144	8879	2826	3252	15036	14367
lp_3450	122	91	93	138	137	158	145	176
lp_3451	28	26	56	34	59	52	78	66
lp_3452	33	31	22	16	50	70	58	54
lp_3453	47	42	44	44	66	87	75	78
lp_3454	27	18	14	17	43	27	37	42
lp_3458	2813	3632	2094	2194	3190	4448	4494	4382
lp_3459	295	372	274	349	303	334	353	365
lp_3460	1096	1358	1052	1249	1044	1307	1229	1325
lp_3461	602	778	741	763	625	782	818	868
lp_3463	234	256	205	212	719	673	752	607
lp_3464	1691	1994	1878	2040	1442	1638	1994	2054
lp_3469	10	20	33	48	12	16	60	37
lp_3470	1042	1533	2275	2452	1015	1496	2678	2663
lp_3471	24	23	68	102	42	28	56	73
lp_3472	6	14	38	44	10	22	49	70
lp_3473	20	19	38	45	20	28	75	80
lp_3474	4	8	24	33	11	12	35	27
lp_3476	34	56	427	344	110	96	414	308
lp_3477	479	439	260	369	478	614	512	569
lp_3478	577	621	403	493	464	621	523	635
lp_3479	48	31	60	58	42	48	50	43
lp_3480	158	137	406	442	159	179	551	611
lp_3482	40	72	210	233	61	67	242	319
lp_3483	92	130	1761	1831	119	168	1694	1765
lp_3484	82	102	1094	1000	102	106	1105	1018
lp_3485	175	233	409	577	142	204	623	692
lp_3486	160	162	693	660	114	142	943	837
lp_3487	78	120	805	816	101	90	849	933
lp_3488	753	664	457	572	640	527	466	482
lp_3489	372	377	1711	2005	188	227	1975	1900
lp_3490	98	166	64	96	86	102	28	28
lp_3491	806	718	604	685	959	932	1042	1173
lp_3492	316	279	285	271	448	387	416	511
lp_3493	275	309	236	315	377	343	370	370
lp_3494	157	107	117	138	232	204	192	259
lp_3495	884	987	405	483	871	1041	466	430
lp_3504	76	46	93	102	57	56	90	151
lp_3505	132	83	179	301	109	133	186	374
lp_3506	146	151	142	256	150	175	147	346
lp_3507	983	1187	1950	1776	1112	1190	2848	2657
lp_3508	188	243	413	425	197	230	546	554
lp_3509	179	298	421	481	160	273	476	554
lp_3510	192	303	477	417	188	216	516	504
lp_3513	326	359	128	119	512	580	129	128
lp_3514	842	714	984	436	1168	567	332	266
lp_3545	46	43	1194	1271	56	62	150	187
lp_3546	10	6	563	415	28	12	43	80
lp_3547	0	2	156	139	11	2	20	22
lp_3548	6	4	106	81	9	10	10	14
lp_3549	529	568	867	895	417	438	438	465
lp_3571	293	403	2547	2447	130	172	956	808
lp_3572	9837	11597	11180	12982	4097	4569	6534	6946
lp_3573	641	770	815	859	359	472	593	575
lp_3575	109	125	115	112	237	188	220	181
lp_3576	625	459	520	710	1128	728	504	573
lp_3578	6341	7453	9638	10903	3219	3325	8794	8606
lp_3579	28522	31644	22241	22219	15437	15022	11171	10639
lp_3580	170469	173729	147331	173427	73296	64961	51644	47363
lp_3581	170804	160889	148743	167944	78937	71094	47895	48688
lp_3586	242	290	96	120	405	484	207	242
lp_3656	28	6	167	169	46	16	122	173
lp_3657	20	18	103	169	10	12	121	289
lp_3658	313	271	73920	75758	317	305	94432	102166
lp_3659	162	129	39511	35310	183	150	43947	42838
lp_3660	155	146	48628	43768	231	173	57650	58232
lp_3661	773	813	2039	2053	853	880	2490	2439
lp_3662	292	260	239	249	210	285	211	234
lp_3663	2281	2528	2061	1928	2328	2030	2413	2043
lp_3664	866	880	807	820	897	865	967	958
lp_3665	550	592	491	409	348	339	463	351
lp_3666	86	94	128	121	185	264	189	237
lp_3668	286	239	291	361	688	628	848	997
lp_3669	4512	4915	4909	5477	4184	4944	6649	6431
lp_3673	2563	2303	2700	4472	1695	2072	3396	4787
lp_3675	872	726	414	476	1078	1130	626	690
lp_3676	940	776	323	517	3764	4652	1376	2369
lp_3677	93	51	19	30	552	365	126	249
lp_3678	395	353	145	145	2228	1625	634	962
lp_3679	1145	1120	337	507	5611	6278	2705	3767
lp_3681	5551	5337	3161	3427	4752	5587	2964	3155
lp_3682	3756	3954	2331	2545	3698	4001	2358	2718
lp_3683	4713	5566	2872	3328	4948	6539	4338	4458
lp_3687	38099	40455	28148	29287	27832	29351	25674	23741
lp_3688	30348	29421	20649	23964	21048	23425	18581	17428
